%YAML:1.0
Matches: [ 0, 161, 0, 4936., 1, 568, 0, 3767., 2, 417, 0, 5243., 3, 3, 0,
    2030., 4, 2, 0, 1146., 5, 161, 0, 4202., 6, 341, 0, 3902., 7, 4, 0,
    108., 8, 5, 0, 1875., 9, 416, 0, 2875., 10, 257, 0, 3101., 11, 161,
    0, 4293., 12, 7, 0, 316., 13, 8, 0, 1857., 14, 264, 0, 5409., 15, 9,
    0, 1214., 16, 12, 0, 840., 17, 491, 0, 4510., 18, 13, 0, 549., 19,
    568, 0, 4444., 20, 14, 0, 412., 21, 343, 0, 2911., 22, 491, 0, 4223.,
    23, 17, 0, 2351., 24, 18, 0, 49., 25, 20, 0, 1069., 26, 19, 0, 328.,
    27, 161, 0, 4127., 28, 21, 0, 321., 29, 161, 0, 3947., 30, 491, 0,
    5153., 31, 161, 0, 4802., 32, 25, 0, 1104., 33, 151, 0, 2265., 34,
    28, 0, 2858., 35, 29, 0, 2786., 36, 568, 0, 4873., 37, 3, 0, 3105.,
    38, 33, 0, 894., 39, 32, 0, 878., 40, 35, 0, 1059., 41, 568, 0,
    4424., 42, 161, 0, 4628., 43, 38, 0, 61., 44, 39, 0, 201., 45, 44, 0,
    3115., 46, 41, 0, 770., 47, 264, 0, 5544., 48, 264, 0, 5403., 49,
    264, 0, 5107., 50, 264, 0, 4917., 51, 264, 0, 4629., 52, 363, 0,
    2512., 53, 87, 0, 2903., 54, 417, 0, 5074., 55, 417, 0, 5149., 56,
    290, 0, 4044., 57, 417, 0, 4734., 58, 27, 0, 1839., 59, 50, 0, 1055.,
    60, 264, 0, 5027., 61, 52, 0, 2717., 62, 417, 0, 5103., 63, 467, 0,
    2689., 64, 264, 0, 5354., 65, 113, 0, 4444., 66, 290, 0, 4641., 67,
    396, 0, 3145., 68, 290, 0, 4193., 69, 59, 0, 344., 70, 417, 0, 4115.,
    71, 57, 0, 432., 72, 524, 0, 2507., 73, 491, 0, 4080., 74, 113, 0,
    4191., 75, 63, 0, 2595., 76, 62, 0, 1400., 77, 300, 0, 3458., 78,
    161, 0, 4147., 79, 64, 0, 586., 80, 161, 0, 4318., 81, 491, 0, 4355.,
    82, 264, 0, 4030., 83, 70, 0, 697., 84, 491, 0, 4368., 85, 359, 0,
    4500., 86, 68, 0, 2923., 87, 69, 0, 939., 88, 71, 0, 344., 89, 75, 0,
    934., 90, 491, 0, 4325., 91, 77, 0, 2137., 92, 79, 0, 2521., 93, 493,
    0, 2558., 94, 324, 0, 3004., 95, 81, 0, 636., 96, 83, 0, 2356., 97,
    447, 0, 4321., 98, 264, 0, 5276., 99, 321, 0, 3161., 100, 86, 0,
    854., 101, 88, 0, 521., 102, 471, 0, 5638., 103, 267, 0, 3371., 104,
    327, 0, 3691., 105, 113, 0, 4338., 106, 162, 0, 3795., 107, 269, 0,
    3280., 108, 97, 0, 334., 109, 491, 0, 5340., 110, 441, 0, 2369., 111,
    101, 0, 510., 112, 466, 0, 3907., 113, 491, 0, 4717., 114, 103, 0,
    194., 115, 58, 0, 3344., 116, 299, 0, 3003., 117, 108, 0, 560., 118,
    491, 0, 4299., 119, 491, 0, 4560., 120, 491, 0, 4587., 121, 113, 0,
    4458., 122, 158, 0, 2826., 123, 110, 0, 2332., 124, 491, 0, 4253.,
    125, 310, 0, 3757., 126, 113, 0, 543., 127, 25, 0, 3219., 128, 142,
    0, 3423., 129, 318, 0, 3075., 130, 491, 0, 4984., 131, 112, 0, 2310.,
    132, 359, 0, 5185., 133, 288, 0, 2711., 134, 112, 0, 4720., 135, 290,
    0, 4900., 136, 289, 0, 2703., 137, 491, 0, 4794., 138, 120, 0, 497.,
    139, 123, 0, 508., 140, 491, 0, 4469., 141, 264, 0, 5161., 142, 161,
    0, 4047., 143, 124, 0, 1522., 144, 128, 0, 926., 145, 130, 0, 1093.,
    146, 129, 0, 1645., 147, 130, 0, 2708., 148, 134, 0, 1262., 149, 161,
    0, 4020., 150, 491, 0, 4777., 151, 135, 0, 597., 152, 423, 0, 1439.,
    153, 421, 0, 1258., 154, 359, 0, 5518., 155, 138, 0, 1693., 156, 140,
    0, 823., 157, 142, 0, 1725., 158, 141, 0, 1578., 159, 491, 0, 5258.,
    160, 161, 0, 3786., 161, 144, 0, 1888., 162, 161, 0, 4146., 163, 145,
    0, 3758., 164, 359, 0, 5210., 165, 161, 0, 3730., 166, 147, 0, 1946.,
    167, 149, 0, 2324., 168, 161, 0, 4089., 169, 294, 0, 139., 170, 161,
    0, 4230., 171, 153, 0, 1125., 172, 154, 0, 1194., 173, 155, 0, 1080.,
    174, 437, 0, 1863., 175, 158, 0, 678., 176, 21, 0, 2018., 177, 162,
    0, 2203., 178, 264, 0, 4344., 179, 264, 0, 4548., 180, 264, 0, 4371.,
    181, 264, 0, 5581., 182, 169, 0, 753., 183, 264, 0, 5423., 184, 264,
    0, 4691., 185, 170, 0, 2079., 186, 171, 0, 770., 187, 165, 0, 2931.,
    188, 161, 0, 4510., 189, 491, 0, 4555., 190, 445, 0, 1557., 191, 443,
    0, 2879., 192, 161, 0, 4108., 193, 177, 0, 846., 194, 176, 0, 1651.,
    195, 491, 0, 4633., 196, 179, 0, 714., 197, 568, 0, 4733., 198, 181,
    0, 450., 199, 392, 0, 4567., 200, 182, 0, 1698., 201, 184, 0, 137.,
    202, 183, 0, 2018., 203, 185, 0, 1103., 204, 491, 0, 5268., 205, 187,
    0, 818., 206, 189, 0, 1832., 207, 392, 0, 4323., 208, 221, 0, 3577.,
    209, 190, 0, 712., 210, 491, 0, 4721., 211, 161, 0, 4009., 212, 193,
    0, 1296., 213, 199, 0, 1756., 214, 198, 0, 907., 215, 290, 0, 4866.,
    216, 282, 0, 5379., 217, 200, 0, 727., 218, 202, 0, 1597., 219, 290,
    0, 4859., 220, 200, 0, 1854., 221, 204, 0, 1144., 222, 491, 0, 4632.,
    223, 264, 0, 4885., 224, 208, 0, 1178., 225, 206, 0, 1415., 226, 211,
    0, 813., 227, 210, 0, 2259., 228, 209, 0, 1940., 229, 143, 0, 3173.,
    230, 161, 0, 3778., 231, 217, 0, 1335., 232, 215, 0, 1992., 233, 214,
    0, 3082., 234, 108, 0, 3199., 235, 220, 0, 229., 236, 219, 0, 1968.,
    237, 221, 0, 2608., 238, 222, 0, 1378., 239, 223, 0, 786., 240, 119,
    0, 2702., 241, 290, 0, 4914., 242, 264, 0, 4999., 243, 229, 0, 2750.,
    244, 491, 0, 3538., 245, 228, 0, 2299., 246, 227, 0, 1648., 247, 264,
    0, 5080., 248, 232, 0, 820., 249, 228, 0, 3906., 250, 568, 0, 4456.,
    251, 309, 0, 2162., 252, 235, 0, 529., 253, 161, 0, 4745., 254, 237,
    0, 1929., 255, 481, 0, 5124., 256, 151, 0, 3527., 257, 242, 0, 1333.,
    258, 240, 0, 1282., 259, 264, 0, 4507., 260, 392, 0, 4650., 261, 264,
    0, 5351., 262, 392, 0, 4146., 263, 469, 0, 4529., 264, 290, 0, 4337.,
    265, 359, 0, 4098., 266, 264, 0, 4218., 267, 264, 0, 4519., 268, 359,
    0, 4685., 269, 359, 0, 4695., 270, 264, 0, 4236., 271, 264, 0, 4437.,
    272, 359, 0, 3923., 273, 290, 0, 5311., 274, 264, 0, 4711., 275, 259,
    0, 444., 276, 260, 0, 1693., 277, 261, 0, 2139., 278, 334, 0, 2570.,
    279, 262, 0, 652., 280, 265, 0, 506., 281, 266, 0, 534., 282, 87, 0,
    2848., 283, 268, 0, 2374., 284, 269, 0, 388., 285, 267, 0, 353., 286,
    182, 0, 2638., 287, 414, 0, 3931., 288, 273, 0, 1520., 289, 274, 0,
    2443., 290, 275, 0, 776., 291, 364, 0, 3507., 292, 387, 0, 3530.,
    293, 278, 0, 860., 294, 280, 0, 1188., 295, 104, 0, 2736., 296, 294,
    0, 1734., 297, 282, 0, 3687., 298, 96, 0, 2145., 299, 520, 0, 3741.,
    300, 106, 0, 303., 301, 97, 0, 3897., 302, 407, 0, 3181., 303, 292,
    0, 550., 304, 291, 0, 1527., 305, 302, 0, 2854., 306, 284, 0, 3175.,
    307, 428, 0, 2818., 308, 433, 0, 1745., 309, 252, 0, 2857., 310, 295,
    0, 385., 311, 160, 0, 1963., 312, 296, 0, 322., 313, 298, 0, 618.,
    314, 447, 0, 3644., 315, 297, 0, 1430., 316, 300, 0, 436., 317, 301,
    0, 265., 318, 182, 0, 2758., 319, 302, 0, 97., 320, 303, 0, 2823.,
    321, 304, 0, 3007., 322, 305, 0, 351., 323, 194, 0, 2479., 324, 306,
    0, 1238., 325, 488, 0, 2987., 326, 310, 0, 403., 327, 142, 0, 3412.,
    328, 243, 0, 2609., 329, 311, 0, 2029., 330, 312, 0, 1029., 331, 417,
    0, 3934., 332, 313, 0, 301., 333, 100, 0, 2814., 334, 24, 0, 3008.,
    335, 314, 0, 3042., 336, 557, 0, 3513., 337, 54, 0, 2427., 338, 316,
    0, 450., 339, 224, 0, 3242., 340, 67, 0, 1011., 341, 317, 0, 661.,
    342, 96, 0, 3186., 343, 131, 0, 1441., 344, 320, 0, 1289., 345, 322,
    0, 618., 346, 323, 0, 487., 347, 324, 0, 493., 348, 325, 0, 979.,
    349, 326, 0, 655., 350, 216, 0, 886., 351, 234, 0, 3228., 352, 328,
    0, 1599., 353, 329, 0, 1244., 354, 330, 0, 1885., 355, 332, 0, 2266.,
    356, 331, 0, 438., 357, 333, 0, 946., 358, 47, 0, 3132., 359, 47, 0,
    2879., 360, 335, 0, 695., 361, 336, 0, 1612., 362, 337, 0, 2236.,
    363, 338, 0, 1761., 364, 339, 0, 1758., 365, 340, 0, 324., 366, 341,
    0, 473., 367, 25, 0, 3150., 368, 542, 0, 3952., 369, 429, 0, 3157.,
    370, 346, 0, 1294., 371, 177, 0, 2424., 372, 429, 0, 2718., 373, 350,
    0, 762., 374, 352, 0, 856., 375, 371, 0, 3491., 376, 354, 0, 414.,
    377, 448, 0, 3152., 378, 357, 0, 1759., 379, 499, 0, 3425., 380, 359,
    0, 2883., 381, 269, 0, 957., 382, 210, 0, 2815., 383, 602, 0, 3568.,
    384, 27, 0, 2420., 385, 363, 0, 3210., 386, 364, 0, 2702., 387, 205,
