%YAML:1.0
Matches: [ 0, 161, 0, 161., 1, 161, 0, 122., 2, 161, 0, 164., 3, 3, 0,
    74., 4, 2, 0, 30., 5, 161, 0, 136., 6, 161, 0, 114., 7, 4, 0, 10., 8,
    5, 0, 53., 9, 86, 0, 103., 10, 271, 0, 117., 11, 161, 0, 127., 12, 7,
    0, 14., 13, 8, 0, 57., 14, 264, 0, 172., 15, 9, 0, 35., 16, 12, 0,
    31., 17, 491, 0, 159., 18, 13, 0, 18., 19, 161, 0, 147., 20, 14, 0,
    11., 21, 1, 0, 111., 22, 491, 0, 135., 23, 17, 0, 86., 24, 18, 0, 5.,
    25, 20, 0, 37., 26, 19, 0, 16., 27, 161, 0, 126., 28, 21, 0, 9., 29,
    161, 0, 125., 30, 491, 0, 179., 31, 161, 0, 147., 32, 25, 0, 39., 33,
    151, 0, 85., 34, 28, 0, 90., 35, 29, 0, 100., 36, 161, 0, 156., 37,
    3, 0, 113., 38, 33, 0, 23., 39, 32, 0, 18., 40, 35, 0, 41., 41, 161,
    0, 147., 42, 161, 0, 153., 43, 38, 0, 7., 44, 39, 0, 12., 45, 183, 0,
    121., 46, 41, 0, 27., 47, 264, 0, 180., 48, 472, 0, 185., 49, 359, 0,
    170., 50, 264, 0, 172., 51, 113, 0, 164., 52, 357, 0, 86., 53, 15, 0,
    121., 54, 359, 0, 164., 55, 417, 0, 164., 56, 161, 0, 133., 57, 417,
    0, 154., 58, 27, 0, 91., 59, 50, 0, 33., 60, 220, 0, 156., 61, 52, 0,
    86., 62, 414, 0, 163., 63, 270, 0, 96., 64, 264, 0, 181., 65, 161, 0,
    147., 66, 341, 0, 158., 67, 341, 0, 124., 68, 414, 0, 148., 69, 59,
    0, 17., 70, 417, 0, 136., 71, 57, 0, 16., 72, 524, 0, 105., 73, 491,
    0, 138., 74, 161, 0, 142., 75, 63, 0, 99., 76, 62, 0, 45., 77, 300,
    0, 129., 78, 16, 0, 134., 79, 64, 0, 17., 80, 161, 0, 151., 81, 111,
    0, 146., 82, 264, 0, 153., 83, 70, 0, 23., 84, 491, 0, 156., 85, 161,
    0, 150., 86, 68, 0, 88., 87, 69, 0, 34., 88, 71, 0, 16., 89, 75, 0,
    31., 90, 491, 0, 151., 91, 77, 0, 70., 92, 79, 0, 78., 93, 493, 0,
    107., 94, 125, 0, 109., 95, 81, 0, 19., 96, 83, 0, 69., 97, 279, 0,
    143., 98, 111, 0, 186., 99, 357, 0, 115., 100, 86, 0, 24., 101, 88,
    0, 24., 102, 111, 0, 192., 103, 267, 0, 127., 104, 470, 0, 139., 105,
    161, 0, 144., 106, 184, 0, 135., 107, 269, 0, 118., 108, 97, 0, 15.,
    109, 359, 0, 186., 110, 146, 0, 87., 111, 101, 0, 20., 112, 615, 0,
    155., 113, 491, 0, 167., 114, 103, 0, 14., 115, 102, 0, 116., 116,
    397, 0, 112., 117, 108, 0, 16., 118, 111, 0, 144., 119, 491, 0, 163.,
    120, 491, 0, 163., 121, 161, 0, 154., 122, 107, 0, 117., 123, 110, 0,
    78., 124, 491, 0, 144., 125, 310, 0, 136., 126, 113, 0, 16., 127,
    324, 0, 120., 128, 228, 0, 127., 129, 104, 0, 103., 130, 491, 0,
    165., 131, 112, 0, 98., 132, 180, 0, 177., 133, 288, 0, 92., 134,
    359, 0, 164., 135, 264, 0, 183., 136, 289, 0, 82., 137, 491, 0, 175.,
    138, 120, 0, 21., 139, 123, 0, 22., 140, 491, 0, 161., 141, 479, 0,
    174., 142, 161, 0, 142., 143, 124, 0, 42., 144, 128, 0, 19., 145,
    130, 0, 33., 146, 129, 0, 43., 147, 130, 0, 94., 148, 134, 0, 40.,
    149, 161, 0, 133., 150, 491, 0, 170., 151, 135, 0, 36., 152, 423, 0,
    34., 153, 421, 0, 47., 154, 491, 0, 192., 155, 138, 0, 52., 156, 140,
    0, 28., 157, 142, 0, 41., 158, 141, 0, 47., 159, 491, 0, 183., 160,
    161, 0, 121., 161, 144, 0, 58., 162, 161, 0, 138., 163, 540, 0, 138.,
    164, 264, 0, 171., 165, 161, 0, 116., 166, 147, 0, 61., 167, 149, 0,
    78., 168, 161, 0, 133., 169, 294, 0, 9., 170, 161, 0, 144., 171, 153,
    0, 39., 172, 154, 0, 50., 173, 155, 0, 37., 174, 437, 0, 59., 175,
    158, 0, 30., 176, 158, 0, 95., 177, 162, 0, 82., 178, 264, 0, 141.,
    179, 359, 0, 147., 180, 264, 0, 148., 181, 527, 0, 168., 182, 169, 0,
    26., 183, 527, 0, 164., 184, 359, 0, 151., 185, 52, 0, 87., 186, 171,
    0, 31., 187, 443, 0, 107., 188, 161, 0, 148., 189, 111, 0, 164., 190,
    445, 0, 55., 191, 443, 0, 86., 192, 161, 0, 132., 193, 177, 0, 41.,
    194, 176, 0, 50., 195, 491, 0, 155., 196, 179, 0, 25., 197, 161, 0,
    146., 198, 181, 0, 18., 199, 264, 0, 159., 200, 182, 0, 50., 201,
    184, 0, 6., 202, 183, 0, 77., 203, 185, 0, 31., 204, 471, 0, 174.,
    205, 187, 0, 23., 206, 189, 0, 62., 207, 161, 0, 143., 208, 192, 0,
    137., 209, 190, 0, 34., 210, 491, 0, 166., 211, 161, 0, 124., 212,
    193, 0, 43., 213, 199, 0, 54., 214, 198, 0, 25., 215, 417, 0, 157.,
    216, 392, 0, 179., 217, 200, 0, 29., 218, 202, 0, 55., 219, 471, 0,
    165., 220, 200, 0, 66., 221, 204, 0, 38., 222, 491, 0, 155., 223,
    113, 0, 182., 224, 208, 0, 46., 225, 206, 0, 36., 226, 211, 0, 19.,
    227, 210, 0, 67., 228, 209, 0, 66., 229, 143, 0, 135., 230, 161, 0,
    126., 231, 217, 0, 28., 232, 215, 0, 65., 233, 214, 0, 98., 234, 117,
    0, 120., 235, 220, 0, 6., 236, 219, 0, 50., 237, 221, 0, 98., 238,
    222, 0, 46., 239, 223, 0, 21., 240, 119, 0, 119., 241, 220, 0, 171.,
    242, 264, 0, 169., 243, 229, 0, 87., 244, 491, 0, 131., 245, 228, 0,
    71., 246, 227, 0, 48., 247, 111, 0, 173., 248, 232, 0, 29., 249, 576,
    0, 140., 250, 161, 0, 147., 251, 309, 0, 115., 252, 235, 0, 21., 253,
    161, 0, 154., 254, 241, 0, 81., 255, 161, 0, 172., 256, 246, 0, 115.,
    257, 242, 0, 47., 258, 240, 0, 51., 259, 161, 0, 156., 260, 392, 0,
    160., 261, 111, 0, 171., 262, 359, 0, 137., 263, 161, 0, 149., 264,
    16, 0, 154., 265, 264, 0, 149., 266, 264, 0, 139., 267, 359, 0, 148.,
    268, 359, 0, 150., 269, 359, 0, 154., 270, 264, 0, 141., 271, 359, 0,
    153., 272, 16, 0, 124., 273, 490, 0, 180., 274, 264, 0, 156., 275,
    259, 0, 20., 276, 260, 0, 69., 277, 261, 0, 54., 278, 431, 0, 121.,
    279, 262, 0, 27., 280, 265, 0, 11., 281, 266, 0, 18., 282, 87, 0,
    105., 283, 268, 0, 89., 284, 269, 0, 24., 285, 267, 0, 11., 286, 182,
    0, 113., 287, 403, 0, 144., 288, 273, 0, 45., 289, 274, 0, 87., 290,
    275, 0, 22., 291, 364, 0, 129., 292, 387, 0, 133., 293, 278, 0, 28.,
    294, 280, 0, 57., 295, 84, 0, 94., 296, 294, 0, 87., 297, 282, 0,
    136., 298, 96, 0, 92., 299, 520, 0, 144., 300, 106, 0, 17., 301, 133,
    0, 133., 302, 407, 0, 107., 303, 292, 0, 19., 304, 291, 0, 61., 305,
    291, 0, 92., 306, 426, 0, 142., 307, 428, 0, 99., 308, 433, 0, 48.,
    309, 252, 0, 113., 310, 295, 0, 16., 311, 160, 0, 80., 312, 296, 0,
    8., 313, 298, 0, 14., 314, 447, 0, 100., 315, 297, 0, 50., 316, 300,
    0, 17., 317, 301, 0, 15., 318, 182, 0, 111., 319, 302, 0, 7., 320,
    194, 0, 110., 321, 461, 0, 101., 322, 305, 0, 13., 323, 194, 0, 67.,
    324, 306, 0, 39., 325, 488, 0, 100., 326, 310, 0, 25., 327, 428, 0,
    129., 328, 243, 0, 95., 329, 311, 0, 63., 330, 312, 0, 34., 331, 290,
    0, 134., 332, 313, 0, 11., 333, 100, 0, 119., 334, 24, 0, 101., 335,
    314, 0, 76., 336, 338, 0, 133., 337, 54, 0, 104., 338, 316, 0, 19.,
    339, 224, 0, 114., 340, 67, 0, 32., 341, 317, 0, 24., 342, 23, 0,
    125., 343, 131, 0, 50., 344, 320, 0, 36., 345, 322, 0, 14., 346, 323,
    0, 16., 347, 324, 0, 13., 348, 325, 0, 30., 349, 326, 0, 22., 350,
    216, 0, 30., 351, 327, 0, 119., 352, 328, 0, 61., 353, 329, 0, 52.,
    354, 330, 0, 62., 355, 332, 0, 78., 356, 331, 0, 13., 357, 333, 0,
    20., 358, 47, 0, 118., 359, 0, 0, 126., 360, 335, 0, 20., 361, 336,
    0, 64., 362, 337, 0, 78., 363, 338, 0, 73., 364, 339, 0, 56., 365,
    340, 0, 12., 366, 341, 0, 17., 367, 25, 0, 121., 368, 398, 0, 114.,
    369, 109, 0, 117., 370, 346, 0, 35., 371, 27, 0, 101., 372, 429, 0,
    80., 373, 350, 0, 46., 374, 352, 0, 36., 375, 87, 0, 125., 376, 354,
    0, 18., 377, 40, 0, 137., 378, 357, 0, 82., 379, 499, 0, 132., 380,
    268, 0, 110., 381, 269, 0, 47., 382, 210, 0, 121., 383, 252, 0, 142.,
    384, 27, 0, 84., 385, 363, 0, 100., 386, 473, 0, 119., 387, 205, 0,
    136., 388, 52, 0, 86., 389, 467, 0, 117., 390, 368, 0, 31., 391, 59,
    0, 119., 392, 369, 0, 53., 393, 367, 0, 106., 394, 371, 0, 83., 395,
    513, 0, 130., 396, 372, 0, 16., 397, 374, 0, 26., 398, 375, 0, 17.,
    399, 246, 0, 111., 400, 267, 0, 117., 401, 377, 0, 15., 402, 364, 0,
    113., 403, 376, 0, 88., 404, 520, 0, 137., 405, 137, 0, 144., 406,
    69, 0, 111., 407, 382, 0, 55., 408, 87, 0, 139., 409, 386, 0, 35.,
    410, 383, 0, 80., 411, 381, 0, 119., 412, 338, 0, 108., 413, 214, 0,
    124., 414, 388, 0, 45., 415, 390, 0, 68., 416, 181, 0, 104., 417,
