%YAML:1.0
Matches: [ 0, 161, 0, 106., 1, 184, 0, 88., 2, 161, 0, 109., 3, 3, 0,
    62., 4, 2, 0, 28., 5, 161, 0, 94., 6, 161, 0, 85., 7, 4, 0, 10., 8,
    5, 0, 51., 9, 257, 0, 90., 10, 271, 0, 95., 11, 161, 0, 89., 12, 7,
    0, 14., 13, 8, 0, 55., 14, 264, 0, 123., 15, 9, 0, 34., 16, 12, 0,
    29., 17, 327, 0, 120., 18, 13, 0, 18., 19, 161, 0, 99., 20, 14, 0,
    11., 21, 1, 0, 92., 22, 491, 0, 111., 23, 17, 0, 79., 24, 18, 0, 5.,
    25, 20, 0, 35., 26, 19, 0, 15., 27, 161, 0, 87., 28, 21, 0, 9., 29,
    161, 0, 90., 30, 328, 0, 134., 31, 161, 0, 98., 32, 25, 0, 39., 33,
    151, 0, 72., 34, 28, 0, 75., 35, 29, 0, 91., 36, 161, 0, 105., 37, 3,
    0, 90., 38, 33, 0, 20., 39, 32, 0, 18., 40, 35, 0, 38., 41, 161, 0,
    101., 42, 161, 0, 101., 43, 38, 0, 7., 44, 39, 0, 12., 45, 44, 0,
    98., 46, 41, 0, 26., 47, 161, 0, 119., 48, 472, 0, 123., 49, 264, 0,
    126., 50, 447, 0, 126., 51, 161, 0, 116., 52, 357, 0, 76., 53, 15, 0,
    107., 54, 359, 0, 122., 55, 392, 0, 122., 56, 161, 0, 99., 57, 264,
    0, 119., 58, 27, 0, 82., 59, 50, 0, 33., 60, 220, 0, 111., 61, 52, 0,
    78., 62, 414, 0, 122., 63, 270, 0, 79., 64, 264, 0, 128., 65, 161, 0,
    105., 66, 161, 0, 114., 67, 341, 0, 106., 68, 414, 0, 112., 69, 59,
    0, 17., 70, 16, 0, 106., 71, 57, 0, 16., 72, 60, 0, 92., 73, 327, 0,
    112., 74, 161, 0, 105., 75, 63, 0, 88., 76, 62, 0, 43., 77, 300, 0,
    103., 78, 161, 0, 98., 79, 64, 0, 15., 80, 161, 0, 104., 81, 111, 0,
    117., 82, 269, 0, 108., 83, 70, 0, 22., 84, 202, 0, 123., 85, 161, 0,
    111., 86, 68, 0, 70., 87, 69, 0, 30., 88, 71, 0, 16., 89, 75, 0, 28.,
    90, 310, 0, 116., 91, 77, 0, 60., 92, 79, 0, 72., 93, 422, 0, 94.,
    94, 125, 0, 99., 95, 81, 0, 18., 96, 83, 0, 62., 97, 504, 0, 117.,
    98, 161, 0, 124., 99, 357, 0, 95., 100, 86, 0, 23., 101, 88, 0, 23.,
    102, 161, 0, 129., 103, 184, 0, 98., 104, 470, 0, 112., 105, 161, 0,
    105., 106, 256, 0, 97., 107, 269, 0, 82., 108, 97, 0, 15., 109, 392,
    0, 133., 110, 331, 0, 79., 111, 101, 0, 20., 112, 504, 0, 125., 113,
    327, 0, 124., 114, 103, 0, 14., 115, 102, 0, 103., 116, 397, 0, 91.,
    117, 108, 0, 16., 118, 111, 0, 114., 119, 327, 0, 121., 120, 327, 0,
    120., 121, 161, 0, 112., 122, 107, 0, 99., 123, 110, 0, 67., 124,
    491, 0, 116., 125, 310, 0, 109., 126, 113, 0, 16., 127, 324, 0, 103.,
    128, 228, 0, 113., 129, 104, 0, 86., 130, 414, 0, 126., 131, 112, 0,
    88., 132, 161, 0, 126., 133, 288, 0, 75., 134, 264, 0, 116., 135,
    161, 0, 121., 136, 289, 0, 67., 137, 327, 0, 129., 138, 120, 0, 19.,
    139, 123, 0, 22., 140, 414, 0, 125., 141, 161, 0, 117., 142, 161, 0,
    103., 143, 124, 0, 40., 144, 128, 0, 19., 145, 130, 0, 31., 146, 129,
    0, 40., 147, 130, 0, 79., 148, 134, 0, 38., 149, 161, 0, 97., 150,
    475, 0, 126., 151, 135, 0, 35., 152, 423, 0, 33., 153, 421, 0, 42.,
    154, 161, 0, 136., 155, 138, 0, 48., 156, 140, 0, 28., 157, 142, 0,
    34., 158, 141, 0, 44., 159, 327, 0, 133., 160, 161, 0, 86., 161, 144,
    0, 53., 162, 161, 0, 99., 163, 540, 0, 114., 164, 161, 0, 120., 165,
    161, 0, 84., 166, 147, 0, 53., 167, 149, 0, 68., 168, 161, 0, 99.,
    169, 294, 0, 9., 170, 161, 0, 102., 171, 153, 0, 37., 172, 154, 0,
    43., 173, 155, 0, 33., 174, 437, 0, 51., 175, 158, 0, 29., 176, 21,
    0, 75., 177, 162, 0, 67., 178, 161, 0, 103., 179, 161, 0, 104., 180,
    161, 0, 104., 181, 161, 0, 119., 182, 169, 0, 26., 183, 161, 0, 114.,
    184, 161, 0, 107., 185, 52, 0, 79., 186, 171, 0, 30., 187, 165, 0,
    93., 188, 161, 0, 105., 189, 111, 0, 125., 190, 445, 0, 47., 191,
    443, 0, 73., 192, 161, 0, 94., 193, 177, 0, 38., 194, 176, 0, 44.,
    195, 491, 0, 124., 196, 179, 0, 24., 197, 161, 0, 100., 198, 181, 0,
    18., 199, 161, 0, 113., 200, 182, 0, 49., 201, 184, 0, 6., 202, 183,
    0, 66., 203, 185, 0, 27., 204, 392, 0, 123., 205, 187, 0, 21., 206,
    189, 0, 54., 207, 161, 0, 104., 208, 192, 0, 111., 209, 190, 0, 32.,
    210, 327, 0, 121., 211, 161, 0, 88., 212, 193, 0, 43., 213, 199, 0,
    52., 214, 198, 0, 23., 215, 392, 0, 110., 216, 392, 0, 123., 217,
    200, 0, 25., 218, 202, 0, 50., 219, 392, 0, 120., 220, 200, 0, 63.,
    221, 204, 0, 35., 222, 310, 0, 119., 223, 161, 0, 126., 224, 208, 0,
    42., 225, 206, 0, 34., 226, 211, 0, 19., 227, 210, 0, 60., 228, 209,
    0, 58., 229, 522, 0, 114., 230, 161, 0, 89., 231, 217, 0, 26., 232,
    215, 0, 61., 233, 214, 0, 84., 234, 117, 0, 97., 235, 220, 0, 6.,
    236, 219, 0, 48., 237, 221, 0, 83., 238, 222, 0, 41., 239, 223, 0,
    20., 240, 130, 0, 98., 241, 220, 0, 121., 242, 161, 0, 121., 243,
    229, 0, 84., 244, 491, 0, 112., 245, 228, 0, 61., 246, 227, 0, 42.,
    247, 161, 0, 117., 248, 232, 0, 27., 249, 576, 0, 110., 250, 161, 0,
    108., 251, 309, 0, 93., 252, 235, 0, 19., 253, 161, 0, 112., 254,
    241, 0, 70., 255, 161, 0, 118., 256, 246, 0, 92., 257, 242, 0, 43.,
    258, 240, 0, 47., 259, 161, 0, 111., 260, 161, 0, 117., 261, 161, 0,
    123., 262, 392, 0, 100., 263, 161, 0, 107., 264, 392, 0, 110., 265,
    250, 0, 107., 266, 264, 0, 106., 267, 161, 0, 109., 268, 392, 0,
    113., 269, 359, 0, 119., 270, 161, 0, 101., 271, 161, 0, 108., 272,
    16, 0, 96., 273, 327, 0, 128., 274, 161, 0, 109., 275, 259, 0, 20.,
    276, 260, 0, 54., 277, 261, 0, 50., 278, 334, 0, 101., 279, 262, 0,
    26., 280, 265, 0, 10., 281, 266, 0, 17., 282, 87, 0, 94., 283, 268,
    0, 80., 284, 269, 0, 22., 285, 267, 0, 11., 286, 454, 0, 96., 287,
    290, 0, 119., 288, 273, 0, 39., 289, 274, 0, 79., 290, 275, 0, 22.,
    291, 381, 0, 110., 292, 504, 0, 100., 293, 278, 0, 26., 294, 280, 0,
    50., 295, 84, 0, 75., 296, 294, 0, 70., 297, 282, 0, 113., 298, 96,
    0, 82., 299, 520, 0, 116., 300, 106, 0, 17., 301, 133, 0, 108., 302,
    407, 0, 91., 303, 292, 0, 18., 304, 291, 0, 54., 305, 291, 0, 71.,
    306, 426, 0, 107., 307, 428, 0, 75., 308, 433, 0, 47., 309, 252, 0,
    94., 310, 295, 0, 16., 311, 160, 0, 70., 312, 296, 0, 7., 313, 298,
    0, 14., 314, 447, 0, 87., 315, 297, 0, 48., 316, 300, 0, 17., 317,
    301, 0, 14., 318, 182, 0, 95., 319, 302, 0, 7., 320, 194, 0, 89.,
    321, 461, 0, 90., 322, 305, 0, 13., 323, 194, 0, 61., 324, 306, 0,
    38., 325, 488, 0, 87., 326, 310, 0, 22., 327, 428, 0, 107., 328, 243,
    0, 80., 329, 311, 0, 60., 330, 312, 0, 32., 331, 290, 0, 109., 332,
    313, 0, 11., 333, 100, 0, 103., 334, 24, 0, 89., 335, 314, 0, 65.,
    336, 338, 0, 113., 337, 54, 0, 85., 338, 316, 0, 18., 339, 224, 0,
    100., 340, 67, 0, 30., 341, 317, 0, 23., 342, 23, 0, 103., 343, 131,
    0, 48., 344, 320, 0, 35., 345, 322, 0, 14., 346, 323, 0, 15., 347,
    324, 0, 12., 348, 325, 0, 29., 349, 326, 0, 21., 350, 216, 0, 30.,
    351, 192, 0, 103., 352, 328, 0, 46., 353, 329, 0, 45., 354, 330, 0,
    54., 355, 332, 0, 66., 356, 331, 0, 12., 357, 333, 0, 17., 358, 47,
    0, 99., 359, 334, 0, 100., 360, 335, 0, 20., 361, 336, 0, 54., 362,
    337, 0, 73., 363, 338, 0, 65., 364, 339, 0, 50., 365, 340, 0, 12.,
    366, 341, 0, 17., 367, 25, 0, 101., 368, 398, 0, 95., 369, 429, 0,
    103., 370, 346, 0, 33., 371, 27, 0, 83., 372, 429, 0, 70., 373, 350,
    0, 41., 374, 352, 0, 35., 375, 87, 0, 110., 376, 354, 0, 18., 377,
    40, 0, 105., 378, 357, 0, 68., 379, 499, 0, 111., 380, 359, 0, 94.,
    381, 269, 0, 43., 382, 210, 0, 101., 383, 252, 0, 116., 384, 27, 0,
    78., 385, 363, 0, 81., 386, 51, 0, 102., 387, 510, 0, 112., 388, 52,
    0, 73., 389, 340, 0, 102., 390, 368, 0, 30., 391, 59, 0, 104., 392,
    369, 0, 49., 393, 367, 0, 92., 394, 371, 0, 73., 395, 513, 0, 111.,
    396, 372, 0, 15., 397, 374, 0, 25., 398, 375, 0, 16., 399, 246, 0,
    98., 400, 267, 0, 96., 401, 377, 0, 15., 402, 364, 0, 95., 403, 376,
    0, 68., 404, 520, 0, 112., 405, 137, 0, 113., 406, 69, 0, 88., 407,
    382, 0, 50., 408, 175, 0, 116., 409, 386, 0, 34., 410, 383, 0, 62.,
    411, 126, 0, 96., 412, 338, 0, 95., 413, 175, 0, 110., 414, 388, 0,
    42., 415, 390, 0, 64., 416, 181, 0, 83., 417, 458, 0, 97., 418, 294,
