%YAML:1.0
Matches: [ 0, 0, 0, .Nan, 1, 0, 0, .Nan, 2, 2, 0, 1.8837291002273560e-01,
    3, 1, 0, 3.1007491052150726e-02, 4, 0, 0, .Nan, 5, 3, 0,
    5.0976373255252838e-02, 6, 4, 0, 5.7576186954975128e-02, 7, 5, 0,
    3.6916884779930115e-01, 8, 311, 0, 4.0090146660804749e-01, 9, 6, 0,
    1.0588518530130386e-01, 10, 7, 0, 1.4330810308456421e-01, 11, 0, 0,
    .Nan, 12, 8, 0, 4.8287294805049896e-02, 13, 11, 0,
    7.7968001365661621e-02, 14, 0, 0, .Nan, 15, 12, 0,
    9.0575262904167175e-02, 16, 13, 0, 5.4747328162193298e-02, 17, 14, 0,
    8.8576093316078186e-02, 18, 0, 0, .Nan, 19, 16, 0,
    9.2650555074214935e-02, 20, 17, 0, 8.7907180190086365e-02, 21, 19, 0,
    1.1455223709344864e-01, 22, 18, 0, 4.5728258788585663e-02, 23, 20, 0,
    5.0795014947652817e-02, 24, 0, 0, .Nan, 25, 0, 0, .Nan, 26, 23, 0,
    9.5812752842903137e-02, 27, 25, 0, 8.7762102484703064e-02, 28, 26, 0,
    7.7342681586742401e-02, 29, 27, 0, 9.6188068389892578e-02, 30, 0, 0,
    .Nan, 31, 454, 0, 6.0796415805816650e-01, 32, 31, 0,
    7.7925175428390503e-02, 33, 30, 0, 8.1964731216430664e-02, 34, 33, 0,
    7.5220100581645966e-02, 35, 0, 0, .Nan, 36, 0, 0, .Nan, 37, 36, 0,
    8.5445806384086609e-02, 38, 37, 0, 7.9222716391086578e-02, 39, 243,
    0, 5.4056292772293091e-01, 40, 39, 0, 1.1007361114025116e-01, 41, 0,
    0, .Nan, 42, 0, 0, .Nan, 43, 0, 0, .Nan, 44, 0, 0, .Nan, 45, 0, 0,
    .Nan, 46, 326, 0, 3.7402293086051941e-01, 47, 6, 0,
    4.5875418186187744e-01, 48, 0, 0, .Nan, 49, 0, 0, .Nan, 50, 0, 0,
    .Nan, 51, 0, 0, .Nan, 52, 249, 0, 5.3561347723007202e-01, 53, 48, 0,
    8.5105605423450470e-02, 54, 0, 0, .Nan, 55, 50, 0,
    3.5318922996520996e-01, 56, 0, 0, .Nan, 57, 249, 0,
    5.0011664628982544e-01, 58, 0, 0, .Nan, 59, 0, 0, .Nan, 60, 0, 0,
    .Nan, 61, 56, 0, 8.4411308169364929e-02, 62, 0, 0, .Nan, 63, 57, 0,
    7.3851972818374634e-02, 64, 0, 0, .Nan, 65, 55, 0,
    7.5733698904514313e-02, 66, 63, 0, 4.9687203764915466e-01, 67, 0, 0,
    .Nan, 68, 0, 0, .Nan, 69, 61, 0, 4.7066622972488403e-01, 70, 60, 0,
    6.8232350051403046e-02, 71, 452, 0, 6.1289739608764648e-01, 72, 0, 0,
    .Nan, 73, 62, 0, 9.4349704682826996e-02, 74, 0, 0, .Nan, 75, 0, 0,
    .Nan, 76, 294, 0, 4.1934233903884888e-01, 77, 0, 0, .Nan, 78, 0, 0,
    .Nan, 79, 65, 0, 1.9505469501018524e-01, 80, 66, 0,
    1.4629475772380829e-01, 81, 68, 0, 7.8409820795059204e-02, 82, 71, 0,
    1.0416816920042038e-01, 83, 0, 0, .Nan, 84, 73, 0,
    2.5235044956207275e-01, 85, 75, 0, 9.6927933394908905e-02, 86, 74, 0,
    1.4800126850605011e-01, 87, 76, 0, 2.9117840528488159e-01, 88, 77, 0,
    1.6587316989898682e-01, 89, 79, 0, 4.2534002661705017e-01, 90, 353,
    0, 3.0636808276176453e-01, 91, 0, 0, .Nan, 92, 81, 0,
    3.8206487894058228e-01, 93, 82, 0, 1.5382666885852814e-01, 94, 0, 0,
    .Nan, 95, 0, 0, .Nan, 96, 466, 0, 5.1368057727813721e-01, 97, 78, 0,
    4.4820737838745117e-01, 98, 0, 0, .Nan, 99, 44, 0,
    5.9953010082244873e-01, 100, 472, 0, 5.5880469083786011e-01, 101, 91,
    0, 7.9517111182212830e-02, 102, 0, 0, .Nan, 103, 93, 0,
    1.1616874486207962e-01, 104, 94, 0, 9.5379300415515900e-02, 105, 263,
    0, 4.9169901013374329e-01, 106, 96, 0, 9.3654952943325043e-02, 107,
    95, 0, 4.1723576188087463e-01, 108, 98, 0, 8.7596215307712555e-02,
    109, 0, 0, .Nan, 110, 0, 0, .Nan, 111, 0, 0, .Nan, 112, 0, 0, .Nan,
    113, 92, 0, 4.7556751966476440e-01, 114, 103, 0,
    1.0921142995357513e-01, 115, 0, 0, .Nan, 116, 263, 0,
    4.6539336442947388e-01, 117, 106, 0, 9.8335839807987213e-02, 118, 0,
    0, .Nan, 119, 104, 0, 2.5767943263053894e-01, 120, 295, 0,
    4.0987345576286316e-01, 121, 105, 0, 3.8681975007057190e-01, 122, 0,
    0, .Nan, 123, 267, 0, 2.7530071139335632e-01, 124, 0, 0, .Nan, 125,
    0, 0, .Nan, 126, 107, 0, 3.2469564676284790e-01, 127, 112, 0,
    9.0187206864356995e-02, 128, 114, 0, 1.1680899560451508e-01, 129, 0,
    0, .Nan, 130, 0, 0, .Nan, 131, 0, 0, .Nan, 132, 115, 0,
    1.9641646742820740e-01, 133, 119, 0, 7.6191082596778870e-02, 134,
    121, 0, 1.3872738182544708e-01, 135, 120, 0, 1.8566016852855682e-01,
    136, 124, 0, 1.2612898647785187e-01, 137, 0, 0, .Nan, 138, 0, 0,
    .Nan, 139, 0, 0, .Nan, 140, 126, 0, 1.4329698681831360e-01, 141, 387,
    0, 1.9906505942344666e-01, 142, 385, 0, 2.1793287992477417e-01, 143,
    0, 0, .Nan, 144, 129, 0, 2.3752839863300323e-01, 145, 131, 0,
    1.9666115939617157e-01, 146, 133, 0, 1.2961465120315552e-01, 147,
    132, 0, 2.3606076836585999e-01, 148, 0, 0, .Nan, 149, 135, 0,
    2.1223157644271851e-01, 150, 0, 0, .Nan, 151, 136, 0,
    2.4319896101951599e-01, 152, 0, 0, .Nan, 153, 137, 0,
    2.7442625164985657e-01, 154, 139, 0, 2.7349749207496643e-01, 155, 0,
    0, .Nan, 156, 0, 0, .Nan, 157, 0, 0, .Nan, 158, 142, 0,
    2.7716600894927979e-01, 159, 143, 0, 1.7295669019222260e-01, 160,
    144, 0, 1.2625724077224731e-01, 161, 400, 0, 2.9869782924652100e-01,
    162, 147, 0, 1.5642432868480682e-01, 163, 147, 0,
    3.8650193810462952e-01, 164, 151, 0, 9.0219870209693909e-02, 165, 0,
    0, .Nan, 166, 0, 0, .Nan, 167, 0, 0, .Nan, 168, 0, 0, .Nan, 169, 0,
    0, .Nan, 170, 0, 0, .Nan, 171, 0, 0, .Nan, 172, 403, 0,
    4.3233212828636169e-01, 173, 160, 0, 1.3510133326053619e-01, 174,
    154, 0, 2.9468673467636108e-01, 175, 0, 0, .Nan, 176, 0, 0, .Nan,
    177, 408, 0, 2.0340956747531891e-01, 178, 407, 0,
    2.9845035076141357e-01, 179, 0, 0, .Nan, 180, 0, 0, .Nan, 181, 165,
    0, 3.7210366129875183e-01, 182, 0, 0, .Nan, 183, 0, 0, .Nan, 184, 0,
    0, .Nan, 185, 170, 0, 5.7384498417377472e-02, 186, 0, 0, .Nan, 187,
    171, 0, 2.7336522936820984e-01, 188, 173, 0, 8.3197467029094696e-02,
    189, 172, 0, 2.3931096494197845e-01, 190, 174, 0,
    1.2566754221916199e-01, 191, 0, 0, .Nan, 192, 176, 0,
    7.4804246425628662e-02, 193, 177, 0, 1.7736183106899261e-01, 194, 0,
    0, .Nan, 195, 180, 0, 1.0908342152833939e-01, 196, 178, 0,
    1.8291036784648895e-01, 197, 0, 0, .Nan, 198, 0, 0, .Nan, 199, 181,
    0, 1.4079292118549347e-01, 200, 187, 0, 9.0684823691844940e-02, 201,
    186, 0, 1.3951189815998077e-01, 202, 0, 0, .Nan, 203, 0, 0, .Nan,
    204, 188, 0, 2.0066720247268677e-01, 205, 189, 0,
    9.1331847012042999e-02, 206, 0, 0, .Nan, 207, 188, 0,
    2.0682539045810699e-01, 208, 191, 0, 1.1652430146932602e-01, 209, 0,
    0, .Nan, 210, 0, 0, .Nan, 211, 195, 0, 9.9957369267940521e-02, 212,
    193, 0, 6.9740980863571167e-02, 213, 198, 0, 8.4590412676334381e-02,
    214, 197, 0, 1.5275873243808746e-01, 215, 196, 0,
    1.2734422087669373e-01, 216, 199, 0, 9.4694554805755615e-02, 217, 0,
    0, .Nan, 218, 203, 0, 1.3532048463821411e-01, 219, 201, 0,
    9.4221621751785278e-02, 220, 200, 0, 1.4169241487979889e-01, 221,
    204, 0, 4.3802219629287720e-01, 222, 206, 0, 4.9697909504175186e-02,
    223, 205, 0, 8.3063609898090363e-02, 224, 207, 0,
    9.1863617300987244e-02, 225, 208, 0, 1.1922081559896469e-01, 226,
    209, 0, 1.0356201976537704e-01, 227, 210, 0, 9.3803726136684418e-02,
    228, 0, 0, .Nan, 229, 0, 0, .Nan, 230, 215, 0,
    9.1260783374309540e-02, 231, 216, 0, 9.3874812126159668e-02, 232,
    214, 0, 1.6313205659389496e-01, 233, 213, 0, 1.3636085391044617e-01,
    234, 0, 0, .Nan, 235, 218, 0, 1.2793150544166565e-01, 236, 219, 0,
    1.6760328412055969e-01, 237, 0, 0, .Nan, 238, 286, 0,
    1.7416886985301971e-01, 239, 221, 0, 1.2429014593362808e-01, 240, 0,
    0, .Nan, 241, 0, 0, .Nan, 242, 0, 0, .Nan, 243, 0, 0, .Nan, 244, 0,
    0, .Nan, 245, 0, 0, .Nan, 246, 0, 0, .Nan, 247, 0, 0, .Nan, 248, 0,
    0, .Nan, 249, 0, 0, .Nan, 250, 0, 0, .Nan, 251, 0, 0, .Nan, 252, 0,
    0, .Nan, 253, 0, 0, .Nan, 254, 239, 0, 2.9859319329261780e-02, 255,
    240, 0, 3.5748474299907684e-02, 256, 5, 0, 4.6427318453788757e-01,
    257, 241, 0, 8.1642054021358490e-02, 258, 244, 0,
    7.5702354311943054e-02, 259, 245, 0, 9.0864099562168121e-02, 260,
    324, 0, 5.1628905534744263e-01, 261, 247, 0, 2.3840455710887909e-01,
    262, 248, 0, 9.0054281055927277e-02, 263, 246, 0,
