%YAML:1.0
Matches: [ 2, 2, 0, 8.1907033920288086e-01, 3, 1, 0,
    1.7717289924621582e-01, 5, 3, 0, 2.8252002596855164e-01, 6, 4, 0,
    3.1294435262680054e-01, 7, 5, 0, 2.0415024757385254e+00, 8, 311, 0,
    2.5164783000946045e+00, 9, 6, 0, 5.3080677986145020e-01, 10, 7, 0,
    6.3057380914688110e-01, 12, 8, 0, 2.8426140546798706e-01, 13, 11, 0,
    4.3848371505737305e-01, 15, 12, 0, 4.6528980135917664e-01, 16, 13, 0,
    3.2062494754791260e-01, 17, 14, 0, 5.4264926910400391e-01, 19, 16, 0,
    4.9991312623023987e-01, 20, 17, 0, 4.6072292327880859e-01, 21, 19, 0,
    6.5644043684005737e-01, 22, 18, 0, 2.6238492131233215e-01, 23, 20, 0,
    2.8731995820999146e-01, 26, 23, 0, 5.4980134963989258e-01, 27, 25, 0,
    4.5686525106430054e-01, 28, 26, 0, 3.7842980027198792e-01, 29, 27, 0,
    5.9953027963638306e-01, 31, 451, 0, 3.3597998619079590e+00, 32, 31,
    0, 5.1314514875411987e-01, 33, 30, 0, 4.1682893037796021e-01, 34, 33,
    0, 3.7302243709564209e-01, 37, 36, 0, 5.2370154857635498e-01, 38, 37,
    0, 4.8543182015419006e-01, 39, 319, 0, 2.8059606552124023e+00, 40,
    39, 0, 5.8802390098571777e-01, 46, 42, 0, 1.9345602989196777e+00, 47,
    324, 0, 2.7719078063964844e+00, 52, 249, 0, 3.0110881328582764e+00,
    53, 48, 0, 5.2175396680831909e-01, 55, 50, 0, 1.9879574775695801e+00,
    57, 249, 0, 2.9064178466796875e+00, 61, 56, 0,
    4.8968887329101562e-01, 63, 57, 0, 4.2633801698684692e-01, 65, 55, 0,
    4.8569548130035400e-01, 66, 63, 0, 3.0016679763793945e+00, 69, 61, 0,
    3.0595395565032959e+00, 70, 60, 0, 4.2897957563400269e-01, 71, 440,
    0, 3.8620214462280273e+00, 73, 62, 0, 5.4527133703231812e-01, 76,
    294, 0, 2.4276833534240723e+00, 79, 65, 0, 9.9759602546691895e-01,
    80, 66, 0, 7.9320454597473145e-01, 81, 68, 0, 5.0224792957305908e-01,
    82, 71, 0, 6.0529577732086182e-01, 84, 73, 0, 1.3917607069015503e+00,
    85, 75, 0, 5.9949088096618652e-01, 86, 74, 0, 8.6819887161254883e-01,
    87, 76, 0, 1.8091375827789307e+00, 88, 77, 0, 1.0157352685928345e+00,
    89, 79, 0, 2.2229070663452148e+00, 90, 353, 0,
    1.6396919488906860e+00, 92, 81, 0, 1.8054773807525635e+00, 93, 82, 0,
    8.6361330747604370e-01, 96, 520, 0, 2.8003754615783691e+00, 97, 78,
    0, 2.6047644615173340e+00, 99, 469, 0, 3.5592036247253418e+00, 100,
    519, 0, 3.0049595832824707e+00, 101, 91, 0, 5.3421676158905029e-01,
    103, 93, 0, 6.7893844842910767e-01, 104, 94, 0,
    5.9703958034515381e-01, 105, 263, 0, 2.5760135650634766e+00, 106, 96,
    0, 5.4601609706878662e-01, 107, 95, 0, 2.3032443523406982e+00, 108,
    98, 0, 5.3485852479934692e-01, 113, 92, 0, 2.6481316089630127e+00,
    114, 103, 0, 6.6480076313018799e-01, 116, 263, 0,
    2.6861395835876465e+00, 117, 106, 0, 5.7090765237808228e-01, 119,
    104, 0, 1.0096604824066162e+00, 120, 295, 0, 2.3729705810546875e+00,
    121, 105, 0, 1.9747842550277710e+00, 123, 267, 0,
    1.6878374814987183e+00, 126, 107, 0, 1.9996613264083862e+00, 127,
    112, 0, 4.9576315283775330e-01, 128, 114, 0, 7.1228015422821045e-01,
    132, 115, 0, 1.1349747180938721e+00, 133, 119, 0,
    3.9757487177848816e-01, 134, 121, 0, 7.5326186418533325e-01, 135,
    120, 0, 1.1555426120758057e+00, 136, 124, 0, 7.5720918178558350e-01,
    140, 126, 0, 8.1766206026077271e-01, 141, 387, 0,
    1.2031154632568359e+00, 142, 385, 0, 1.3973702192306519e+00, 144,
    129, 0, 1.4136087894439697e+00, 145, 131, 0, 1.2002516984939575e+00,
    146, 133, 0, 6.8725144863128662e-01, 147, 132, 0,
    1.4326891899108887e+00, 149, 135, 0, 1.3293938636779785e+00, 151,
    136, 0, 1.5275882482528687e+00, 153, 137, 0, 1.7191836833953857e+00,
    154, 139, 0, 1.5434060096740723e+00, 158, 142, 0,
    1.5401725769042969e+00, 159, 143, 0, 9.8630285263061523e-01, 160,
    144, 0, 6.9713675975799561e-01, 161, 400, 0, 1.8332685232162476e+00,
    162, 147, 0, 7.8442066907882690e-01, 163, 147, 0,
    2.1242814064025879e+00, 164, 151, 0, 5.3584456443786621e-01, 172,
    159, 0, 2.2269613742828369e+00, 173, 160, 0, 7.0366489887237549e-01,
    174, 154, 0, 1.8301911354064941e+00, 177, 408, 0,
    1.1211578845977783e+00, 178, 407, 0, 1.8494195938110352e+00, 181,
    165, 0, 2.1021711826324463e+00, 185, 170, 0, 3.0234789848327637e-01,
    187, 171, 0, 1.6682603359222412e+00, 188, 173, 0,
    4.1254812479019165e-01, 189, 172, 0, 1.2589982748031616e+00, 190,
    174, 0, 6.6647315025329590e-01, 192, 176, 0, 4.1611239314079285e-01,
    193, 177, 0, 1.0150979757308960e+00, 195, 180, 0,
    6.1419129371643066e-01, 196, 178, 0, 9.4723105430603027e-01, 199,
    181, 0, 8.0450910329818726e-01, 200, 187, 0, 4.9431741237640381e-01,
    201, 186, 0, 7.4222469329833984e-01, 204, 188, 0,
    1.0929681062698364e+00, 205, 189, 0, 5.2777528762817383e-01, 207,
    188, 0, 1.2180706262588501e+00, 208, 191, 0, 6.7992103099822998e-01,
    211, 195, 0, 5.8465772867202759e-01, 212, 193, 0,
    4.2159831523895264e-01, 213, 198, 0, 4.4013315439224243e-01, 214,
    197, 0, 8.2762193679809570e-01, 215, 196, 0, 7.8072863817214966e-01,
    216, 199, 0, 5.0675910711288452e-01, 218, 203, 0,
    7.1145164966583252e-01, 219, 201, 0, 5.6718122959136963e-01, 220,
    200, 0, 8.7826716899871826e-01, 221, 204, 0, 2.7995598316192627e+00,
    222, 206, 0, 2.0249921083450317e-01, 223, 205, 0,
    5.2935606241226196e-01, 224, 207, 0, 5.5705398321151733e-01, 225,
    208, 0, 6.8577396869659424e-01, 226, 209, 0, 6.3211828470230103e-01,
    227, 210, 0, 4.9745184183120728e-01, 230, 215, 0,
    5.3929132223129272e-01, 231, 216, 0, 5.3851449489593506e-01, 232,
    214, 0, 1.0450516939163208e+00, 233, 213, 0, 8.0486655235290527e-01,
    235, 218, 0, 7.7220612764358521e-01, 236, 219, 0,
    9.9686360359191895e-01, 238, 286, 0, 1.0811183452606201e+00, 239,
    221, 0, 7.1594852209091187e-01, 254, 239, 0, 1.7162296175956726e-01,
    255, 240, 0, 1.9205278158187866e-01, 256, 309, 0,
    2.7714204788208008e+00, 257, 241, 0, 4.2665112018585205e-01, 258,
    244, 0, 4.1010719537734985e-01, 259, 245, 0, 5.5164206027984619e-01,
    260, 324, 0, 2.7556109428405762e+00, 261, 247, 0,
    9.3421900272369385e-01, 262, 248, 0, 5.1100677251815796e-01, 263,
    246, 0, 4.9119132757186890e-01, 264, 319, 0, 2.8888535499572754e+00,
    265, 46, 0, 2.4676136970520020e+00, 266, 252, 0,
    6.6508573293685913e-01, 267, 253, 0, 1.6723076105117798e+00, 268,
    254, 0, 6.2856489419937134e-01, 269, 442, 0, 3.2818226814270020e+00,
    270, 255, 0, 2.3432195186614990e+00, 271, 257, 0,
    6.1509519815444946e-01, 272, 259, 0, 1.2953101396560669e+00, 273, 80,
    0, 1.2823690176010132e+00, 274, 354, 0, 3.2933495044708252e+00, 275,
    261, 0, 2.4861068725585938e+00, 276, 90, 0, 2.2213633060455322e+00,
    277, 88, 0, 2.4302580356597900e+00, 278, 99, 0,
    1.0101794004440308e+00, 279, 266, 0, 2.7173292636871338e+00, 280,
    377, 0, 1.5478975772857666e+00, 281, 403, 0, 3.3131780624389648e+00,
    282, 270, 0, 1.6020865440368652e+00, 283, 270, 0,
    1.7623354196548462e+00, 284, 390, 0, 2.5036723613739014e+00, 285,
    392, 0, 1.8989709615707397e+00, 286, 6, 0, 2.9277696609497070e+00,
    287, 143, 0, 2.1143386363983154e+00, 288, 272, 0,
    3.7472268939018250e-01, 289, 149, 0, 1.8612451553344727e+00, 290,
    273, 0, 3.7778246402740479e-01, 291, 275, 0, 5.0330084562301636e-01,
    292, 410, 0, 2.5265190601348877e+00, 293, 274, 0,
    1.8208845853805542e+00, 294, 277, 0, 5.0669789314270020e-01, 295,
    278, 0, 6.4859068393707275e-01, 296, 171, 0, 2.0895488262176514e+00,
    297, 279, 0, 1.9789455831050873e-01, 298, 280, 0,
    2.0326361656188965e+00, 299, 423, 0, 6.8507790565490723e-01, 300,
    282, 0, 3.6946269869804382e-01, 301, 182, 0, 8.0513608455657959e-01,
    302, 283, 0, 1.0558674335479736e+00, 303, 285, 0,
    6.8365025520324707e-01, 304, 287, 0, 4.4681197404861450e-01, 305,
    288, 0, 4.7232025861740112e-01, 306, 289, 0, 4.9632453918457031e-01,
    307, 32, 0, 3.2634444236755371e+00, 308, 290, 0,
    4.7895929217338562e-01, 309, 241, 0, 3.1522576808929443e+00, 310,
