%YAML:1.0
Matches: [ 0, 264, 0, 9.4997106933593750e+02, 1, 405, 0,
    8.0635784912109375e+02, 2, 417, 0, 9.1023785400390625e+02, 3, 3, 0,
    5.1127877807617188e+02, 4, 2, 0, 3.6544219970703125e+02, 5, 264, 0,
    8.2449682617187500e+02, 6, 341, 0, 7.6874835205078125e+02, 7, 4, 0,
    6.5421707153320312e+01, 8, 5, 0, 4.3298614501953125e+02, 9, 55, 0,
    5.8743341064453125e+02, 10, 257, 0, 5.8058502197265625e+02, 11, 341,
    0, 8.6716607666015625e+02, 12, 7, 0, 1.5152557373046875e+02, 13, 7,
    0, 4.1448764038085938e+02, 14, 471, 0, 9.2304223632812500e+02, 15, 9,
    0, 3.6375265502929688e+02, 16, 12, 0, 2.6190075683593750e+02, 17,
    491, 0, 8.4927026367187500e+02, 18, 13, 0, 1.9663417053222656e+02,
    19, 264, 0, 8.5685119628906250e+02, 20, 14, 0,
    1.9417002868652344e+02, 21, 433, 0, 5.3050445556640625e+02, 22, 491,
    0, 8.1565374755859375e+02, 23, 17, 0, 4.9336499023437500e+02, 24, 18,
    0, 3.3955852508544922e+01, 25, 20, 0, 3.4425137329101562e+02, 26, 19,
    0, 1.5792402648925781e+02, 27, 264, 0, 8.2090191650390625e+02, 28,
    21, 0, 1.9026560974121094e+02, 29, 341, 0, 7.9416937255859375e+02,
    30, 491, 0, 9.3095275878906250e+02, 31, 113, 0,
    9.1384136962890625e+02, 32, 25, 0, 3.0045300292968750e+02, 33, 13, 0,
    4.8357626342773438e+02, 34, 28, 0, 6.5795898437500000e+02, 35, 29, 0,
    5.3809295654296875e+02, 36, 341, 0, 8.8916705322265625e+02, 37, 333,
    0, 6.6437414550781250e+02, 38, 33, 0, 3.4115393066406250e+02, 39, 32,
    0, 3.1422921752929688e+02, 40, 35, 0, 3.3445327758789062e+02, 41,
    264, 0, 8.6223431396484375e+02, 42, 613, 0, 8.7915698242187500e+02,
    43, 38, 0, 3.6565010070800781e+01, 44, 39, 0, 1.3303007507324219e+02,
    45, 44, 0, 6.2170330810546875e+02, 46, 41, 0, 2.3736891174316406e+02,
    47, 412, 0, 9.7462097167968750e+02, 48, 447, 0,
    9.4955676269531250e+02, 49, 417, 0, 9.2277789306640625e+02, 50, 264,
    0, 8.6686389160156250e+02, 51, 113, 0, 8.5666094970703125e+02, 52,
    363, 0, 5.4171948242187500e+02, 53, 87, 0, 5.4564001464843750e+02,
    54, 417, 0, 8.8525592041015625e+02, 55, 417, 0,
    8.8677221679687500e+02, 56, 290, 0, 7.7010516357421875e+02, 57, 417,
    0, 8.5160668945312500e+02, 58, 27, 0, 4.1369433593750000e+02, 59, 50,
    0, 2.9798489379882812e+02, 60, 290, 0, 8.7108093261718750e+02, 61,
    151, 0, 5.7668017578125000e+02, 62, 417, 0, 9.0870404052734375e+02,
    63, 467, 0, 5.5545568847656250e+02, 64, 264, 0,
    9.5559509277343750e+02, 65, 113, 0, 8.1267211914062500e+02, 66, 290,
    0, 8.3144152832031250e+02, 67, 409, 0, 6.1519506835937500e+02, 68,
    290, 0, 7.6973828125000000e+02, 69, 59, 0, 1.5649920654296875e+02,
    70, 417, 0, 7.8160284423828125e+02, 71, 57, 0,
    1.9311654663085938e+02, 72, 524, 0, 5.0089419555664062e+02, 73, 491,
    0, 7.9854370117187500e+02, 74, 113, 0, 7.7507873535156250e+02, 75,
    63, 0, 5.1086102294921875e+02, 76, 62, 0, 3.3707269287109375e+02, 77,
    300, 0, 6.5861676025390625e+02, 78, 481, 0, 7.9310278320312500e+02,
    79, 64, 0, 3.1172744750976562e+02, 80, 613, 0,
    8.6266967773437500e+02, 81, 491, 0, 8.1406201171875000e+02, 82, 264,
    0, 7.7121850585937500e+02, 83, 70, 0, 2.5240245056152344e+02, 84,
    491, 0, 8.1149493408203125e+02, 85, 536, 0, 7.9766534423828125e+02,
    86, 68, 0, 6.8444793701171875e+02, 87, 69, 0, 3.0566485595703125e+02,
    88, 71, 0, 1.5515153503417969e+02, 89, 75, 0, 3.2404013061523438e+02,
    90, 491, 0, 8.1611822509765625e+02, 91, 77, 0,
    5.0000698852539062e+02, 92, 79, 0, 4.8788421630859375e+02, 93, 493,
    0, 4.8978771972656250e+02, 94, 91, 0, 5.7088177490234375e+02, 95, 81,
    0, 2.7738421630859375e+02, 96, 83, 0, 5.1073672485351562e+02, 97,
    447, 0, 7.5844909667968750e+02, 98, 412, 0, 9.2236004638671875e+02,
    99, 321, 0, 5.8052130126953125e+02, 100, 86, 0,
    2.9841247558593750e+02, 101, 88, 0, 2.2191665649414062e+02, 102, 471,
    0, 9.3140429687500000e+02, 103, 321, 0, 6.5394647216796875e+02, 104,
    327, 0, 7.0503546142578125e+02, 105, 113, 0, 7.9845227050781250e+02,
    106, 177, 0, 6.9147235107421875e+02, 107, 269, 0,
    7.2513446044921875e+02, 108, 97, 0, 1.4125862121582031e+02, 109, 491,
    0, 9.4389086914062500e+02, 110, 441, 0, 5.2075616455078125e+02, 111,
    101, 0, 2.0869116210937500e+02, 112, 466, 0, 6.8165460205078125e+02,
    113, 491, 0, 8.7971075439453125e+02, 114, 103, 0,
    6.9584480285644531e+01, 115, 102, 0, 5.9114721679687500e+02, 116,
    299, 0, 5.3166998291015625e+02, 117, 108, 0, 2.1712208557128906e+02,
    118, 491, 0, 7.9667120361328125e+02, 119, 491, 0,
    8.5456774902343750e+02, 120, 491, 0, 8.5623071289062500e+02, 121,
    113, 0, 8.0907476806640625e+02, 122, 158, 0, 5.5485491943359375e+02,
    123, 135, 0, 5.2510186767578125e+02, 124, 491, 0,
    8.0999816894531250e+02, 125, 310, 0, 6.9981353759765625e+02, 126,
    113, 0, 2.1102842712402344e+02, 127, 25, 0, 6.3945208740234375e+02,
    128, 228, 0, 6.6901794433593750e+02, 129, 318, 0,
    6.5801593017578125e+02, 130, 491, 0, 9.1790850830078125e+02, 131,
    112, 0, 4.5022662353515625e+02, 132, 491, 0, 9.1101812744140625e+02,
    133, 95, 0, 5.4871575927734375e+02, 134, 112, 0,
    8.6935839843750000e+02, 135, 290, 0, 8.8386987304687500e+02, 136,
    289, 0, 6.0972698974609375e+02, 137, 491, 0, 8.9326477050781250e+02,
    138, 120, 0, 1.8701603698730469e+02, 139, 123, 0,
    1.8186808776855469e+02, 140, 491, 0, 8.3298797607421875e+02, 141,
    264, 0, 9.4743603515625000e+02, 142, 290, 0, 8.3124182128906250e+02,
    143, 124, 0, 3.9460614013671875e+02, 144, 128, 0,
    3.1296325683593750e+02, 145, 130, 0, 3.5116806030273438e+02, 146,
    129, 0, 4.3131542968750000e+02, 147, 130, 0, 5.6212634277343750e+02,
    148, 134, 0, 3.5382199096679688e+02, 149, 341, 0,
    7.9434503173828125e+02, 150, 491, 0, 8.6549005126953125e+02, 151,
    135, 0, 1.9048097229003906e+02, 152, 423, 0, 4.0287094116210938e+02,
    153, 421, 0, 3.5487463378906250e+02, 154, 447, 0,
    9.4047009277343750e+02, 155, 138, 0, 4.3138265991210938e+02, 156,
    140, 0, 2.6811752319335938e+02, 157, 142, 0, 4.9575296020507812e+02,
    158, 141, 0, 4.2262750244140625e+02, 159, 491, 0,
    9.3658740234375000e+02, 160, 264, 0, 7.6445599365234375e+02, 161,
    144, 0, 4.8823968505859375e+02, 162, 264, 0, 8.0861920166015625e+02,
    163, 540, 0, 6.8349102783203125e+02, 164, 264, 0,
    9.2868347167968750e+02, 165, 264, 0, 7.6322802734375000e+02, 166,
    147, 0, 4.6398492431640625e+02, 167, 149, 0, 5.2047863769531250e+02,
    168, 341, 0, 8.0117102050781250e+02, 169, 294, 0,
    7.5279479980468750e+01, 170, 113, 0, 8.5103228759765625e+02, 171,
    153, 0, 3.5958724975585938e+02, 172, 154, 0, 3.0479171752929688e+02,
    173, 155, 0, 3.1971862792968750e+02, 174, 437, 0,
    4.8543484497070312e+02, 175, 158, 0, 2.2853009033203125e+02, 176, 21,
    0, 4.3393548583984375e+02, 177, 162, 0, 5.0324050903320312e+02, 178,
    264, 0, 8.2729681396484375e+02, 179, 264, 0, 8.4839611816406250e+02,
    180, 264, 0, 8.4191979980468750e+02, 181, 471, 0,
    9.4016967773437500e+02, 182, 169, 0, 2.4441972351074219e+02, 183,
    471, 0, 9.3255725097656250e+02, 184, 264, 0, 8.6221166992187500e+02,
    185, 170, 0, 4.8203009033203125e+02, 186, 171, 0,
    2.5583979797363281e+02, 187, 165, 0, 5.9219677734375000e+02, 188,
    290, 0, 8.5796038818359375e+02, 189, 491, 0, 8.5010766601562500e+02,
    190, 445, 0, 4.5166690063476562e+02, 191, 452, 0,
    5.7136590576171875e+02, 192, 113, 0, 8.0573199462890625e+02, 193,
    177, 0, 2.4647109985351562e+02, 194, 176, 0, 4.2173806762695312e+02,
    195, 491, 0, 8.7064978027343750e+02, 196, 179, 0,
    2.5032778930664062e+02, 197, 341, 0, 8.6669372558593750e+02, 198,
    181, 0, 2.0642190551757812e+02, 199, 454, 0, 8.5500292968750000e+02,
    200, 182, 0, 4.0345755004882812e+02, 201, 184, 0,
    9.8959587097167969e+01, 202, 183, 0, 4.6051928710937500e+02, 203,
    185, 0, 3.6024575805664062e+02, 204, 417, 0, 9.0259960937500000e+02,
    205, 187, 0, 3.0287292480468750e+02, 206, 189, 0,
