%YAML:1.0
Matches: [ 0, 0, 0, 138., 1, 390, 0, 2766., 2, 338, 0, 2821., 3, 5, 0,
    812., 4, 466, 0, 3059., 5, 652, 0, 3270., 6, 691, 0, 3448., 7, 7, 0,
    1350., 8, 9, 0, 884., 9, 692, 0, 3009., 10, 9, 0, 382., 11, 12, 0,
    664., 12, 169, 0, 3974., 13, 8, 0, 2023., 14, 14, 0, 1103., 15, 14,
    0, 1518., 16, 15, 0, 2065., 17, 17, 0, 2172., 18, 18, 0, 1007., 19,
    19, 0, 2232., 20, 155, 0, 2977., 21, 396, 0, 4448., 22, 24, 0, 1048.,
    23, 29, 0, 634., 24, 125, 0, 3527., 25, 399, 0, 4109., 26, 29, 0,
    3058., 27, 33, 0, 1596., 28, 82, 0, 1838., 29, 223, 0, 3840., 30, 33,
    0, 2720., 31, 0, 0, 2600., 32, 278, 0, 2786., 33, 189, 0, 3495., 34,
    344, 0, 4100., 35, 312, 0, 3290., 36, 259, 0, 3071., 37, 338, 0,
    2357., 38, 296, 0, 3590., 39, 417, 0, 3881., 40, 499, 0, 3492., 41,
    38, 0, 408., 42, 41, 0, 1235., 43, 44, 0, 1097., 44, 44, 0, 944., 45,
    199, 0, 4142., 46, 139, 0, 3076., 47, 134, 0, 3086., 48, 104, 0,
    3732., 49, 49, 0, 618., 50, 50, 0, 486., 51, 53, 0, 3011., 52, 68, 0,
    3759., 53, 112, 0, 3330., 54, 52, 0, 613., 55, 52, 0, 2577., 56, 549,
    0, 3542., 57, 2, 0, 2369., 58, 55, 0, 2964., 59, 25, 0, 3090., 60,
    57, 0, 1016., 61, 157, 0, 3914., 62, 620, 0, 3732., 63, 59, 0, 3067.,
    64, 59, 0, 3170., 65, 62, 0, 720., 66, 31, 0, 3197., 67, 672, 0,
    3264., 68, 291, 0, 1732., 69, 65, 0, 1870., 70, 129, 0, 3208., 71,
    499, 0, 3517., 72, 64, 0, 1517., 73, 68, 0, 671., 74, 70, 0, 803.,
    75, 282, 0, 2968., 76, 446, 0, 1418., 77, 71, 0, 2210., 78, 128, 0,
    2720., 79, 69, 0, 1212., 80, 249, 0, 2286., 81, 289, 0, 2894., 82,
    74, 0, 2213., 83, 78, 0, 450., 84, 75, 0, 977., 85, 75, 0, 2102., 86,
    79, 0, 1854., 87, 170, 0, 3127., 88, 258, 0, 3926., 89, 82, 0, 450.,
    90, 391, 0, 3007., 91, 221, 0, 2811., 92, 80, 0, 3127., 93, 506, 0,
    2923., 94, 86, 0, 1058., 95, 108, 0, 2869., 96, 87, 0, 480., 97, 730,
    0, 3684., 98, 185, 0, 3390., 99, 534, 0, 4026., 100, 90, 0, 3105.,
    101, 302, 0, 1381., 102, 94, 0, 992., 103, 106, 0, 3668., 104, 96, 0,
    2172., 105, 100, 0, 1046., 106, 305, 0, 3316., 107, 97, 0, 1471.,
    108, 95, 0, 3146., 109, 26, 0, 1949., 110, 104, 0, 1070., 111, 107,
    0, 1730., 112, 99, 0, 2472., 113, 108, 0, 1048., 114, 203, 0, 3870.,
    115, 445, 0, 3648., 116, 50, 0, 2605., 117, 88, 0, 4318., 118, 111,
    0, 1330., 119, 308, 0, 3715., 120, 106, 0, 3267., 121, 319, 0, 2902.,
    122, 319, 0, 3973., 123, 400, 0, 2421., 124, 118, 0, 3127., 125, 116,
    0, 1538., 126, 121, 0, 3396., 127, 119, 0, 571., 128, 122, 0, 1379.,
    129, 123, 0, 1300., 130, 124, 0, 609., 131, 392, 0, 3182., 132, 126,
    0, 885., 133, 326, 0, 3096., 134, 130, 0, 3274., 135, 127, 0, 635.,
    136, 128, 0, 1815., 137, 128, 0, 1751., 138, 132, 0, 2965., 139, 129,
    0, 786., 140, 130, 0, 1388., 141, 131, 0, 2273., 142, 133, 0, 1485.,
    143, 161, 0, 2238., 144, 97, 0, 1574., 145, 136, 0, 647., 146, 138,
    0, 693., 147, 334, 0, 2861., 148, 274, 0, 4144., 149, 139, 0, 1017.,
    150, 97, 0, 2041., 151, 143, 0, 2718., 152, 316, 0, 2421., 153, 144,
    0, 227., 154, 445, 0, 3304., 155, 146, 0, 2260., 156, 148, 0, 808.,
    157, 322, 0, 1021., 158, 149, 0, 2575., 159, 150, 0, 1867., 160, 214,
    0, 2591., 161, 151, 0, 586., 162, 152, 0, 510., 163, 153, 0, 1816.,
    164, 155, 0, 1163., 165, 154, 0, 1616., 166, 326, 0, 1445., 167, 157,
    0, 516., 168, 151, 0, 2441., 169, 162, 0, 1073., 170, 159, 0, 2686.,
    171, 165, 0, 2168., 172, 163, 0, 1331., 173, 165, 0, 965., 174, 167,
    0, 724., 175, 169, 0, 1055., 176, 170, 0, 1620., 177, 174, 0, 2848.,
    178, 164, 0, 1956., 179, 173, 0, 711., 180, 334, 0, 3559., 181, 172,
    0, 896., 182, 174, 0, 560., 183, 175, 0, 1145., 184, 132, 0, 3219.,
    185, 178, 0, 140., 186, 341, 0, 1688., 187, 179, 0, 1526., 188, 343,
    0, 2202., 189, 182, 0, 2827., 190, 184, 0, 499., 191, 163, 0, 2725.,
    192, 339, 0, 2833., 193, 132, 0, 2290., 194, 67, 0, 3137., 195, 186,
    0, 1835., 196, 191, 0, 2102., 197, 189, 0, 712., 198, 190, 0, 1469.,
    199, 187, 0, 1041., 200, 193, 0, 1611., 201, 195, 0, 275., 202, 194,
    0, 1786., 203, 196, 0, 2464., 204, 196, 0, 224., 205, 414, 0, 3954.,
    206, 197, 0, 1009., 207, 200, 0, 1777., 208, 204, 0, 2082., 209, 205,
    0, 1227., 210, 203, 0, 1951., 211, 201, 0, 960., 212, 351, 0, 2496.,
    213, 128, 0, 2896., 214, 66, 0, 3477., 215, 208, 0, 1022., 216, 210,
    0, 916., 217, 213, 0, 852., 218, 209, 0, 467., 219, 212, 0, 1386.,
    220, 498, 0, 3537., 221, 216, 0, 2219., 222, 211, 0, 995., 223, 215,
    0, 2644., 224, 217, 0, 80., 225, 215, 0, 619., 226, 218, 0, 1976.,
    227, 218, 0, 290., 228, 218, 0, 1308., 229, 219, 0, 1980., 230, 221,
    0, 2419., 231, 222, 0, 505., 232, 108, 0, 2634., 233, 223, 0, 960.,
    234, 709, 0, 3614., 235, 224, 0, 3724., 236, 688, 0, 3455., 237, 228,
    0, 2169., 238, 107, 0, 4406., 239, 90, 0, 3815., 240, 235, 0, 2729.,
    241, 127, 0, 3689., 242, 240, 0, 1008., 243, 395, 0, 3300., 244, 58,
    0, 3819., 245, 239, 0, 3808., 246, 225, 0, 3981., 247, 479, 0, 4343.,
    248, 661, 0, 3705., 249, 201, 0, 4045., 250, 241, 0, 3810., 251, 545,
    0, 3765., 252, 249, 0, 3396., 253, 372, 0, 3266., 254, 549, 0, 3663.,
    255, 375, 0, 3431., 256, 547, 0, 4012., 257, 250, 0, 2927., 258, 252,
    0, 1829., 259, 254, 0, 2731., 260, 255, 0, 913., 261, 38, 0, 2846.,
    262, 255, 0, 2627., 263, 327, 0, 2328., 264, 490, 0, 3115., 265, 260,
    0, 1057., 266, 2, 0, 2734., 267, 3, 0, 1895., 268, 312, 0, 3536.,
    269, 263, 0, 663., 270, 266, 0, 266., 271, 267, 0, 808., 272, 268, 0,
    628., 273, 403, 0, 1656., 274, 269, 0, 3294., 275, 270, 0, 475., 276,
    403, 0, 1512., 277, 271, 0, 204., 278, 24, 0, 2775., 279, 522, 0,
    3756., 280, 396, 0, 4021., 281, 110, 0, 3281., 282, 110, 0, 3060.,
    283, 29, 0, 3750., 284, 154, 0, 3846., 285, 274, 0, 1036., 286, 275,
    0, 3117., 287, 198, 0, 3810., 288, 300, 0, 3312., 289, 701, 0, 3296.,
    290, 265, 0, 2944., 291, 701, 0, 3432., 292, 233, 0, 4352., 293, 121,
    0, 3554., 294, 417, 0, 3705., 295, 432, 0, 3861., 296, 68, 0, 3557.,
    297, 279, 0, 2365., 298, 52, 0, 3793., 299, 68, 0, 3458., 300, 205,
    0, 3132., 301, 164, 0, 3100., 302, 281, 0, 807., 303, 53, 0, 3559.,
    304, 620, 0, 4180., 305, 285, 0, 2665., 306, 282, 0, 2417., 307, 61,
    0, 545., 308, 291, 0, 2727., 309, 567, 0, 3582., 310, 289, 0, 1209.,
    311, 441, 0, 2415., 312, 71, 0, 2222., 313, 294, 0, 916., 314, 449,
    0, 2320., 315, 295, 0, 478., 316, 82, 0, 2049., 317, 663, 0, 3564.,
    318, 382, 0, 3339., 319, 255, 0, 3612., 320, 729, 0, 3120., 321, 302,
    0, 2385., 322, 103, 0, 1570., 323, 83, 0, 3754., 324, 307, 0, 1896.,
    325, 308, 0, 547., 326, 298, 0, 3413., 327, 462, 0, 3831., 328, 562,
    0, 3604., 329, 650, 0, 4047., 330, 114, 0, 2601., 331, 116, 0, 3284.,
    332, 445, 0, 3282., 333, 309, 0, 1797., 334, 38, 0, 3254., 335, 95,
    0, 3560., 336, 396, 0, 3086., 337, 389, 0, 3147., 338, 477, 0, 944.,
    339, 132, 0, 3263., 340, 478, 0, 2602., 341, 133, 0, 1816., 342, 603,
    0, 2799., 343, 115, 0, 1997., 344, 261, 0, 2337., 345, 140, 0, 2743.,
    346, 509, 0, 4081., 347, 22, 0, 2470., 348, 319, 0, 1991., 349, 320,
    0, 2209., 350, 321, 0, 1888., 351, 322, 0, 1355., 352, 395, 0, 4302.,
    353, 324, 0, 575., 354, 494, 0, 1534., 355, 494, 0, 1011., 356, 329,
    0, 1129., 357, 330, 0, 214., 358, 332, 0, 1931., 359, 333, 0, 1581.,
    360, 164, 0, 2053., 361, 335, 0, 523., 362, 502, 0, 1038., 363, 336,
    0, 1008., 364, 338, 0, 931., 365, 339, 0, 2464., 366, 342, 0, 529.,
    367, 341, 0, 2054., 368, 343, 0, 2170., 369, 169, 0, 3053., 370, 344,
    0, 1433., 371, 204, 0, 3906., 372, 189, 0, 2400., 373, 627, 0, 3496.,
    374, 347, 0, 134., 375, 348, 0, 1055., 376, 198, 0, 3431., 377, 520,
    0, 468., 378, 350, 0, 703., 379, 355, 0, 1826., 380, 680, 0, 3970.,
    381, 212, 0, 2209., 382, 195, 0, 4105., 383, 650, 0, 3212., 384, 361,
    0, 2464., 385, 312, 0, 2179., 386, 555, 0, 3568., 387, 366, 0, 3200.,
