%YAML:1.0
Matches: [ 0, 0, 0, 9.0708320617675781e+01, 1, 390, 0,
    5.3878936767578125e+02, 2, 326, 0, 6.1733135986328125e+02, 3, 5, 0,
    2.6244619750976562e+02, 4, 652, 0, 6.5730816650390625e+02, 5, 652, 0,
    6.4031085205078125e+02, 6, 4, 0, 6.6571612548828125e+02, 7, 7, 0,
    3.6312255859375000e+02, 8, 9, 0, 3.0821746826171875e+02, 9, 692, 0,
    5.7882037353515625e+02, 10, 9, 0, 1.9644847106933594e+02, 11, 12, 0,
    2.3879280090332031e+02, 12, 348, 0, 7.5771960449218750e+02, 13, 8, 0,
    4.3827047729492188e+02, 14, 14, 0, 2.8308831787109375e+02, 15, 14, 0,
    4.2962307739257812e+02, 16, 15, 0, 4.7154321289062500e+02, 17, 17, 0,
    5.0515344238281250e+02, 18, 18, 0, 2.9502032470703125e+02, 19, 19, 0,
    5.1176947021484375e+02, 20, 451, 0, 5.8483843994140625e+02, 21, 396,
    0, 8.1609313964843750e+02, 22, 24, 0, 3.5441500854492188e+02, 23, 29,
    0, 2.5449951171875000e+02, 24, 125, 0, 6.5450360107421875e+02, 25,
    561, 0, 8.0565997314453125e+02, 26, 29, 0, 6.0947027587890625e+02,
    27, 33, 0, 4.5307394409179688e+02, 28, 82, 0, 4.8825607299804688e+02,
    29, 223, 0, 6.4232855224609375e+02, 30, 33, 0,
    5.3497479248046875e+02, 31, 0, 0, 5.5156506347656250e+02, 32, 50, 0,
    5.5675488281250000e+02, 33, 189, 0, 6.3811676025390625e+02, 34, 629,
    0, 7.3249780273437500e+02, 35, 312, 0, 6.3274481201171875e+02, 36,
    619, 0, 6.2999761962890625e+02, 37, 338, 0, 4.8492782592773438e+02,
    38, 296, 0, 6.8246173095703125e+02, 39, 417, 0,
    7.3123663330078125e+02, 40, 499, 0, 6.4364276123046875e+02, 41, 38,
    0, 1.3509996032714844e+02, 42, 41, 0, 3.1975460815429688e+02, 43, 44,
    0, 3.2511996459960938e+02, 44, 44, 0, 2.7826245117187500e+02, 45, 35,
    0, 7.5156903076171875e+02, 46, 139, 0, 5.9090441894531250e+02, 47,
    127, 0, 6.0181390380859375e+02, 48, 104, 0, 6.8717681884765625e+02,
    49, 49, 0, 2.0767762756347656e+02, 50, 50, 0, 2.4451176452636719e+02,
    51, 76, 0, 6.4656323242187500e+02, 52, 68, 0, 7.6145587158203125e+02,
    53, 112, 0, 6.4831164550781250e+02, 54, 52, 0,
    2.4292179870605469e+02, 55, 52, 0, 5.2279156494140625e+02, 56, 549,
    0, 6.7682641601562500e+02, 57, 261, 0, 5.0536819458007812e+02, 58,
    55, 0, 5.9357727050781250e+02, 59, 25, 0, 6.5532891845703125e+02, 60,
    57, 0, 3.1202563476562500e+02, 61, 157, 0, 7.7400390625000000e+02,
    62, 620, 0, 6.8359783935546875e+02, 63, 59, 0,
    6.2951489257812500e+02, 64, 328, 0, 6.6284234619140625e+02, 65, 62,
    0, 2.2699780273437500e+02, 66, 31, 0, 6.3060211181640625e+02, 67,
    672, 0, 6.4309564208984375e+02, 68, 291, 0, 3.9595452880859375e+02,
    69, 65, 0, 4.6717449951171875e+02, 70, 191, 0,
    6.4076049804687500e+02, 71, 499, 0, 7.0241369628906250e+02, 72, 64,
    0, 4.2101425170898438e+02, 73, 68, 0, 2.8741085815429688e+02, 74, 70,
    0, 2.4784873962402344e+02, 75, 282, 0, 6.1607794189453125e+02, 76,
    446, 0, 4.0998535156250000e+02, 77, 71, 0, 5.2323992919921875e+02,
    78, 128, 0, 6.0800659179687500e+02, 79, 69, 0,
    3.1533157348632812e+02, 80, 249, 0, 4.8196472167968750e+02, 81, 289,
    0, 5.6960864257812500e+02, 82, 74, 0, 4.5602520751953125e+02, 83, 78,
    0, 2.0104228210449219e+02, 84, 75, 0, 2.9561968994140625e+02, 85, 75,
    0, 4.9509594726562500e+02, 86, 79, 0, 4.5905337524414062e+02, 87,
    170, 0, 6.2370428466796875e+02, 88, 79, 0, 7.3819238281250000e+02,
    89, 82, 0, 2.0529977416992188e+02, 90, 391, 0,
    6.1879315185546875e+02, 91, 184, 0, 5.8962530517578125e+02, 92, 80,
    0, 5.7343438720703125e+02, 93, 506, 0, 5.7931768798828125e+02, 94,
    86, 0, 3.4057305908203125e+02, 95, 212, 0, 6.4562994384765625e+02,
    96, 87, 0, 2.2852571105957031e+02, 97, 730, 0,
    6.8486492919921875e+02, 98, 185, 0, 7.0011145019531250e+02, 99, 534,
    0, 7.1808496093750000e+02, 100, 90, 0, 6.4710198974609375e+02, 101,
    302, 0, 3.6616799926757812e+02, 102, 94, 0, 3.2236935424804688e+02,
    103, 106, 0, 6.6022570800781250e+02, 104, 96, 0,
    4.6328823852539062e+02, 105, 100, 0, 3.5650524902343750e+02, 106,
    305, 0, 6.5530297851562500e+02, 107, 97, 0, 3.8207199096679688e+02,
    108, 279, 0, 6.5018151855468750e+02, 109, 26, 0,
    4.2372750854492188e+02, 110, 104, 0, 2.9605404663085938e+02, 111,
    107, 0, 4.0564270019531250e+02, 112, 107, 0, 5.1888629150390625e+02,
    113, 108, 0, 3.3074765014648438e+02, 114, 203, 0,
    7.0372155761718750e+02, 115, 347, 0, 7.1011621093750000e+02, 116, 50,
    0, 5.0616696166992188e+02, 117, 721, 0, 7.4901538085937500e+02, 118,
    111, 0, 3.5713864135742188e+02, 119, 562, 0, 6.8364025878906250e+02,
    120, 106, 0, 6.1185699462890625e+02, 121, 319, 0,
    5.7300262451171875e+02, 122, 196, 0, 7.5133746337890625e+02, 123,
    265, 0, 5.2080224609375000e+02, 124, 118, 0, 6.4557183837890625e+02,
    125, 116, 0, 4.2354693603515625e+02, 126, 121, 0,
    6.4800769042968750e+02, 127, 119, 0, 1.9810855102539062e+02, 128,
    122, 0, 3.8892288208007812e+02, 129, 123, 0, 3.5880355834960938e+02,
    130, 124, 0, 2.2542182922363281e+02, 131, 108, 0,
    5.9080285644531250e+02, 132, 126, 0, 2.7891036987304688e+02, 133,
    385, 0, 6.1255285644531250e+02, 134, 477, 0, 6.3413092041015625e+02,
    135, 127, 0, 2.2629405212402344e+02, 136, 128, 0,
    4.0654275512695312e+02, 137, 128, 0, 4.2111401367187500e+02, 138,
    107, 0, 5.7279138183593750e+02, 139, 129, 0, 3.0337435913085938e+02,
    140, 130, 0, 3.9594192504882812e+02, 141, 131, 0,
    4.7922125244140625e+02, 142, 134, 0, 3.8187826538085938e+02, 143,
    161, 0, 5.1421008300781250e+02, 144, 97, 0, 4.4915475463867188e+02,
    145, 136, 0, 2.8218255615234375e+02, 146, 138, 0,
    2.7047180175781250e+02, 147, 501, 0, 5.7001141357421875e+02, 148,
    549, 0, 7.6518688964843750e+02, 149, 139, 0, 3.5037265014648438e+02,
    150, 115, 0, 4.3541705322265625e+02, 151, 143, 0,
    6.1346881103515625e+02, 152, 316, 0, 5.2427758789062500e+02, 153,
    144, 0, 9.8767402648925781e+01, 154, 623, 0, 6.2819824218750000e+02,
    155, 146, 0, 4.8333837890625000e+02, 156, 148, 0,
    2.9358813476562500e+02, 157, 322, 0, 3.4883377075195312e+02, 158,
    149, 0, 5.3465972900390625e+02, 159, 150, 0, 4.3705035400390625e+02,
    160, 214, 0, 5.4578472900390625e+02, 161, 151, 0,
    2.3842819213867188e+02, 162, 152, 0, 2.1032356262207031e+02, 163,
    153, 0, 4.6107916259765625e+02, 164, 155, 0, 3.3644464111328125e+02,
    165, 154, 0, 4.1950924682617188e+02, 166, 326, 0,
    3.8214526367187500e+02, 167, 157, 0, 2.5198413085937500e+02, 168,
    151, 0, 5.2284509277343750e+02, 169, 162, 0, 3.3481188964843750e+02,
    170, 494, 0, 6.0751458740234375e+02, 171, 165, 0,
    4.5207299804687500e+02, 172, 163, 0, 3.3971899414062500e+02, 173,
    165, 0, 3.0062768554687500e+02, 174, 167, 0, 2.5873538208007812e+02,
    175, 169, 0, 3.2523376464843750e+02, 176, 170, 0,
    4.3839935302734375e+02, 177, 174, 0, 5.9311047363281250e+02, 178,
    164, 0, 4.2830361938476562e+02, 179, 173, 0, 2.3181674194335938e+02,
    180, 334, 0, 6.8341864013671875e+02, 181, 172, 0,
    2.8182620239257812e+02, 182, 174, 0, 2.0979513549804688e+02, 183,
    175, 0, 3.2805639648437500e+02, 184, 132, 0, 5.9609985351562500e+02,
    185, 178, 0, 7.5286117553710938e+01, 186, 341, 0,
    4.3438693237304688e+02, 187, 179, 0, 4.0768371582031250e+02, 188,
    343, 0, 5.5303887939453125e+02, 189, 182, 0, 5.3416009521484375e+02,
    190, 184, 0, 1.8167277526855469e+02, 191, 163, 0,
    6.5663000488281250e+02, 192, 339, 0, 5.9145330810546875e+02, 193,
    132, 0, 4.8721862792968750e+02, 194, 67, 0, 6.7297619628906250e+02,
    195, 186, 0, 4.1431268310546875e+02, 196, 191, 0,
    4.7432055664062500e+02, 197, 189, 0, 2.5483720397949219e+02, 198,
    190, 0, 3.9273272705078125e+02, 199, 187, 0, 3.3532223510742188e+02,
    200, 193, 0, 3.9341961669921875e+02, 201, 195, 0,
    1.0839280700683594e+02, 202, 194, 0, 4.8474322509765625e+02, 203,
    196, 0, 5.0352160644531250e+02, 204, 196, 0, 1.4664242553710938e+02,
    205, 712, 0, 7.6465155029296875e+02, 206, 197, 0,
