%YAML:1.0
Matches: [ 0, 0, 0, 5., 1, 390, 0, 105., 2, 130, 0, 97., 3, 5, 0, 26., 4,
    466, 0, 110., 5, 225, 0, 109., 6, 4, 0, 123., 7, 7, 0, 51., 8, 9, 0,
    38., 9, 692, 0, 126., 10, 9, 0, 21., 11, 12, 0, 25., 12, 332, 0,
    137., 13, 8, 0, 63., 14, 14, 0, 36., 15, 14, 0, 44., 16, 15, 0, 88.,
    17, 17, 0, 56., 18, 18, 0, 31., 19, 19, 0, 74., 20, 19, 0, 116., 21,
    556, 0, 172., 22, 24, 0, 34., 23, 29, 0, 19., 24, 204, 0, 131., 25,
    399, 0, 160., 26, 29, 0, 109., 27, 33, 0, 39., 28, 32, 0, 50., 29,
    221, 0, 160., 30, 527, 0, 105., 31, 0, 0, 81., 32, 314, 0, 102., 33,
    134, 0, 128., 34, 68, 0, 132., 35, 720, 0, 130., 36, 381, 0, 121.,
    37, 175, 0, 84., 38, 695, 0, 135., 39, 417, 0, 140., 40, 29, 0, 137.,
    41, 38, 0, 23., 42, 41, 0, 50., 43, 43, 0, 44., 44, 44, 0, 45., 45,
    718, 0, 149., 46, 266, 0, 95., 47, 420, 0, 125., 48, 350, 0, 144.,
    49, 49, 0, 25., 50, 50, 0, 13., 51, 53, 0, 75., 52, 68, 0, 118., 53,
    45, 0, 130., 54, 52, 0, 18., 55, 52, 0, 99., 56, 348, 0, 129., 57, 2,
    0, 99., 58, 55, 0, 121., 59, 129, 0, 117., 60, 57, 0, 28., 61, 60, 0,
    119., 62, 41, 0, 131., 63, 59, 0, 91., 64, 59, 0, 82., 65, 62, 0,
    34., 66, 197, 0, 120., 67, 284, 0, 104., 68, 291, 0, 52., 69, 65, 0,
    45., 70, 129, 0, 124., 71, 242, 0, 132., 72, 64, 0, 37., 73, 68, 0,
    15., 74, 70, 0, 32., 75, 282, 0, 117., 76, 446, 0, 40., 77, 71, 0,
    79., 78, 128, 0, 113., 79, 69, 0, 59., 80, 249, 0, 98., 81, 74, 0,
    121., 82, 74, 0, 70., 83, 78, 0, 14., 84, 75, 0, 33., 85, 75, 0, 76.,
    86, 79, 0, 65., 87, 151, 0, 115., 88, 138, 0, 128., 89, 82, 0, 13.,
    90, 391, 0, 111., 91, 479, 0, 116., 92, 80, 0, 103., 93, 36, 0, 116.,
    94, 86, 0, 47., 95, 108, 0, 104., 96, 87, 0, 6., 97, 730, 0, 121.,
    98, 185, 0, 128., 99, 385, 0, 135., 100, 90, 0, 90., 101, 302, 0,
    51., 102, 94, 0, 40., 103, 709, 0, 132., 104, 96, 0, 83., 105, 100,
    0, 33., 106, 305, 0, 118., 107, 108, 0, 52., 108, 162, 0, 113., 109,
    26, 0, 80., 110, 104, 0, 47., 111, 107, 0, 53., 112, 107, 0, 84.,
    113, 108, 0, 30., 114, 23, 0, 124., 115, 445, 0, 121., 116, 50, 0,
    100., 117, 88, 0, 129., 118, 111, 0, 41., 119, 308, 0, 130., 120,
    106, 0, 124., 121, 106, 0, 110., 122, 194, 0, 146., 123, 261, 0, 89.,
    124, 118, 0, 104., 125, 116, 0, 41., 126, 112, 0, 120., 127, 119, 0,
    35., 128, 122, 0, 31., 129, 123, 0, 48., 130, 124, 0, 20., 131, 172,
    0, 115., 132, 126, 0, 32., 133, 618, 0, 97., 134, 133, 0, 107., 135,
    127, 0, 32., 136, 128, 0, 56., 137, 128, 0, 58., 138, 132, 0, 110.,
    139, 129, 0, 16., 140, 130, 0, 33., 141, 131, 0, 78., 142, 133, 0,
    55., 143, 161, 0, 84., 144, 97, 0, 88., 145, 136, 0, 23., 146, 138,
    0, 29., 147, 334, 0, 99., 148, 34, 0, 133., 149, 139, 0, 28., 150,
    139, 0, 79., 151, 143, 0, 94., 152, 316, 0, 85., 153, 144, 0, 17.,
    154, 183, 0, 118., 155, 146, 0, 69., 156, 148, 0, 19., 157, 322, 0,
    40., 158, 149, 0, 86., 159, 150, 0, 50., 160, 214, 0, 94., 161, 151,
    0, 16., 162, 152, 0, 17., 163, 153, 0, 46., 164, 155, 0, 32., 165,
    154, 0, 42., 166, 326, 0, 54., 167, 157, 0, 9., 168, 161, 0, 95.,
    169, 162, 0, 43., 170, 159, 0, 72., 171, 165, 0, 61., 172, 163, 0,
    39., 173, 165, 0, 20., 174, 167, 0, 29., 175, 169, 0, 26., 176, 170,
    0, 55., 177, 153, 0, 98., 178, 164, 0, 61., 179, 173, 0, 26., 180,
    334, 0, 104., 181, 172, 0, 34., 182, 174, 0, 23., 183, 175, 0, 33.,
    184, 185, 0, 124., 185, 178, 0, 10., 186, 341, 0, 71., 187, 179, 0,
    68., 188, 343, 0, 77., 189, 182, 0, 113., 190, 184, 0, 28., 191, 2,
    0, 109., 192, 339, 0, 92., 193, 2, 0, 90., 194, 328, 0, 104., 195,
    186, 0, 70., 196, 191, 0, 72., 197, 189, 0, 19., 198, 190, 0, 55.,
    199, 187, 0, 24., 200, 193, 0, 60., 201, 195, 0, 13., 202, 194, 0,
    69., 203, 348, 0, 92., 204, 196, 0, 3., 205, 414, 0, 145., 206, 197,
    0, 27., 207, 200, 0, 63., 208, 204, 0, 75., 209, 205, 0, 33., 210,
    203, 0, 72., 211, 201, 0, 29., 212, 351, 0, 97., 213, 59, 0, 126.,
    214, 66, 0, 129., 215, 208, 0, 46., 216, 210, 0, 45., 217, 213, 0,
    26., 218, 209, 0, 19., 219, 212, 0, 54., 220, 119, 0, 107., 221, 216,
    0, 64., 222, 211, 0, 39., 223, 215, 0, 106., 224, 217, 0, 2., 225,
    215, 0, 28., 226, 218, 0, 77., 227, 218, 0, 19., 228, 219, 0, 42.,
    229, 219, 0, 73., 230, 221, 0, 91., 231, 222, 0, 15., 232, 4, 0,
    109., 233, 223, 0, 25., 234, 360, 0, 119., 235, 224, 0, 138., 236,
    688, 0, 128., 237, 228, 0, 83., 238, 344, 0, 136., 239, 503, 0, 127.,
    240, 235, 0, 85., 241, 443, 0, 136., 242, 240, 0, 29., 243, 395, 0,
    122., 244, 206, 0, 169., 245, 239, 0, 147., 246, 225, 0, 137., 247,
    479, 0, 162., 248, 42, 0, 140., 249, 225, 0, 134., 250, 241, 0, 130.,
    251, 376, 0, 141., 252, 3, 0, 113., 253, 372, 0, 121., 254, 623, 0,
    140., 255, 375, 0, 138., 256, 92, 0, 140., 257, 250, 0, 84., 258,
    252, 0, 88., 259, 254, 0, 98., 260, 255, 0, 49., 261, 89, 0, 113.,
    262, 256, 0, 96., 263, 327, 0, 87., 264, 558, 0, 122., 265, 260, 0,
    35., 266, 261, 0, 88., 267, 3, 0, 56., 268, 312, 0, 103., 269, 263,
    0, 22., 270, 266, 0, 12., 271, 267, 0, 30., 272, 268, 0, 27., 273,
    403, 0, 50., 274, 269, 0, 119., 275, 16, 0, 16., 276, 403, 0, 36.,
    277, 271, 0, 12., 278, 24, 0, 93., 279, 204, 0, 144., 280, 396, 0,
    165., 281, 29, 0, 113., 282, 110, 0, 125., 283, 110, 0, 133., 284,
    95, 0, 137., 285, 274, 0, 47., 286, 275, 0, 77., 287, 198, 0, 140.,
    288, 300, 0, 125., 289, 701, 0, 125., 290, 45, 0, 122., 291, 701, 0,
    120., 292, 233, 0, 141., 293, 121, 0, 129., 294, 277, 0, 123., 295,
    99, 0, 114., 296, 68, 0, 117., 297, 279, 0, 74., 298, 52, 0, 143.,
    299, 68, 0, 125., 300, 146, 0, 108., 301, 164, 0, 119., 302, 281, 0,
    26., 303, 60, 0, 124., 304, 38, 0, 141., 305, 285, 0, 86., 306, 282,
    0, 109., 307, 61, 0, 22., 308, 291, 0, 86., 309, 242, 0, 128., 310,
    289, 0, 37., 311, 441, 0, 80., 312, 71, 0, 80., 313, 294, 0, 32.,
    314, 449, 0, 88., 315, 295, 0, 10., 316, 82, 0, 57., 317, 142, 0,
    121., 318, 382, 0, 121., 319, 299, 0, 109., 320, 551, 0, 118., 321,
    302, 0, 86., 322, 103, 0, 68., 323, 98, 0, 143., 324, 307, 0, 70.,
    325, 308, 0, 22., 326, 298, 0, 127., 327, 473, 0, 123., 328, 562, 0,
    129., 329, 650, 0, 135., 330, 114, 0, 92., 331, 116, 0, 106., 332,
    445, 0, 138., 333, 309, 0, 46., 334, 666, 0, 124., 335, 303, 0, 105.,
    336, 311, 0, 107., 337, 123, 0, 118., 338, 477, 0, 35., 339, 132, 0,
    102., 340, 478, 0, 73., 341, 133, 0, 52., 342, 556, 0, 120., 343,
    112, 0, 99., 344, 261, 0, 98., 345, 140, 0, 86., 346, 406, 0, 144.,
    347, 22, 0, 96., 348, 489, 0, 62., 349, 147, 0, 68., 350, 321, 0,
    74., 351, 322, 0, 44., 352, 183, 0, 152., 353, 324, 0, 21., 354, 494,
    0, 60., 355, 494, 0, 31., 356, 329, 0, 35., 357, 330, 0, 16., 358,
    332, 0, 70., 359, 333, 0, 46., 360, 164, 0, 67., 361, 335, 0, 20.,
    362, 502, 0, 41., 363, 336, 0, 27., 364, 338, 0, 29., 365, 339, 0,
    81., 366, 342, 0, 18., 367, 341, 0, 80., 368, 343, 0, 82., 369, 511,
    0, 121., 370, 344, 0, 57., 371, 543, 0, 148., 372, 189, 0, 81., 373,
    187, 0, 134., 374, 347, 0, 4., 375, 348, 0, 39., 376, 198, 0, 102.,
    377, 520, 0, 14., 378, 350, 0, 26., 379, 355, 0, 50., 380, 666, 0,
    150., 381, 212, 0, 88., 382, 559, 0, 129., 383, 650, 0, 108., 384,
    361, 0, 76., 385, 312, 0, 89., 386, 555, 0, 130., 387, 366, 0, 107.,
    388, 38, 0, 124., 389, 225, 0, 140., 390, 368, 0, 123., 391, 225, 0,
    137., 392, 370, 0, 90., 393, 545, 0, 62., 394, 375, 0, 133., 395,
    376, 0, 66., 396, 279, 0, 142., 397, 378, 0, 116., 398, 327, 0, 116.,
    399, 546, 0, 82., 400, 330, 0, 108., 401, 382, 0, 4., 402, 383, 0,
    12., 403, 260, 0, 66., 404, 495, 0, 102., 405, 389, 0, 78., 406, 29,
    0, 141., 407, 499, 0, 119., 408, 390, 0, 11., 409, 391, 0, 95., 410,
    555, 0, 42., 411, 392, 0, 17., 412, 393, 0, 55., 413, 394, 0, 4.,
    414, 395, 0, 67., 415, 396, 0, 35., 416, 398, 0, 96., 417, 267, 0,
    63., 418, 265, 0, 17., 419, 403, 0, 88., 420, 405, 0, 14., 421, 503,
