%YAML:1.0
Matches: [ 0, 0, 0, 5., 1, 390, 0, 86., 2, 130, 0, 75., 3, 5, 0, 25., 4,
    466, 0, 83., 5, 225, 0, 88., 6, 4, 0, 102., 7, 7, 0, 46., 8, 9, 0,
    35., 9, 12, 0, 102., 10, 9, 0, 21., 11, 12, 0, 23., 12, 333, 0, 106.,
    13, 8, 0, 58., 14, 14, 0, 35., 15, 14, 0, 41., 16, 15, 0, 77., 17,
    17, 0, 53., 18, 18, 0, 31., 19, 19, 0, 63., 20, 19, 0, 96., 21, 556,
    0, 127., 22, 24, 0, 31., 23, 29, 0, 19., 24, 204, 0, 109., 25, 399,
    0, 109., 26, 29, 0, 92., 27, 33, 0, 36., 28, 32, 0, 43., 29, 492, 0,
    117., 30, 527, 0, 85., 31, 0, 0, 71., 32, 314, 0, 83., 33, 134, 0,
    102., 34, 68, 0, 100., 35, 298, 0, 107., 36, 29, 0, 103., 37, 175, 0,
    71., 38, 453, 0, 110., 39, 417, 0, 106., 40, 29, 0, 110., 41, 38, 0,
    23., 42, 41, 0, 46., 43, 43, 0, 41., 44, 44, 0, 43., 45, 225, 0,
    112., 46, 266, 0, 89., 47, 133, 0, 103., 48, 350, 0, 104., 49, 49, 0,
    24., 50, 50, 0, 12., 51, 53, 0, 67., 52, 68, 0, 92., 53, 112, 0,
    103., 54, 52, 0, 18., 55, 522, 0, 84., 56, 549, 0, 102., 57, 2, 0,
    77., 58, 55, 0, 99., 59, 129, 0, 94., 60, 57, 0, 27., 61, 60, 0, 90.,
    62, 41, 0, 105., 63, 59, 0, 78., 64, 59, 0, 70., 65, 62, 0, 33., 66,
    197, 0, 95., 67, 562, 0, 86., 68, 291, 0, 50., 69, 65, 0, 43., 70,
    129, 0, 93., 71, 242, 0, 100., 72, 64, 0, 36., 73, 68, 0, 14., 74,
    70, 0, 31., 75, 282, 0, 97., 76, 446, 0, 38., 77, 71, 0, 65., 78,
    128, 0, 86., 79, 69, 0, 52., 80, 249, 0, 86., 81, 74, 0, 90., 82, 74,
    0, 61., 83, 78, 0, 14., 84, 75, 0, 32., 85, 75, 0, 65., 86, 79, 0,
    58., 87, 151, 0, 96., 88, 258, 0, 96., 89, 82, 0, 13., 90, 391, 0,
    87., 91, 184, 0, 89., 92, 80, 0, 92., 93, 417, 0, 95., 94, 86, 0,
    40., 95, 108, 0, 81., 96, 87, 0, 6., 97, 730, 0, 99., 98, 185, 0,
    100., 99, 385, 0, 106., 100, 90, 0, 79., 101, 302, 0, 48., 102, 94,
    0, 36., 103, 313, 0, 107., 104, 96, 0, 74., 105, 100, 0, 32., 106,
    305, 0, 96., 107, 108, 0, 49., 108, 162, 0, 86., 109, 26, 0, 67.,
    110, 104, 0, 45., 111, 107, 0, 51., 112, 107, 0, 75., 113, 108, 0,
    28., 114, 311, 0, 106., 115, 445, 0, 99., 116, 50, 0, 87., 117, 88,
    0, 107., 118, 111, 0, 38., 119, 308, 0, 103., 120, 106, 0, 105., 121,
    106, 0, 87., 122, 687, 0, 107., 123, 261, 0, 76., 124, 118, 0, 87.,
    125, 116, 0, 36., 126, 112, 0, 97., 127, 119, 0, 32., 128, 122, 0,
    29., 129, 123, 0, 46., 130, 124, 0, 19., 131, 499, 0, 95., 132, 126,
    0, 30., 133, 618, 0, 81., 134, 130, 0, 84., 135, 127, 0, 30., 136,
    128, 0, 51., 137, 128, 0, 52., 138, 191, 0, 96., 139, 129, 0, 15.,
    140, 130, 0, 31., 141, 131, 0, 69., 142, 133, 0, 44., 143, 161, 0,
    71., 144, 97, 0, 74., 145, 136, 0, 20., 146, 138, 0, 25., 147, 334,
    0, 87., 148, 34, 0, 101., 149, 139, 0, 24., 150, 139, 0, 70., 151,
    143, 0, 81., 152, 316, 0, 72., 153, 144, 0, 17., 154, 183, 0, 89.,
    155, 146, 0, 67., 156, 148, 0, 18., 157, 322, 0, 37., 158, 149, 0,
    78., 159, 150, 0, 46., 160, 214, 0, 81., 161, 151, 0, 16., 162, 152,
    0, 17., 163, 153, 0, 43., 164, 155, 0, 31., 165, 154, 0, 39., 166,
    326, 0, 50., 167, 157, 0, 8., 168, 161, 0, 76., 169, 162, 0, 37.,
    170, 159, 0, 62., 171, 165, 0, 59., 172, 163, 0, 35., 173, 165, 0,
    19., 174, 167, 0, 25., 175, 169, 0, 26., 176, 170, 0, 46., 177, 153,
    0, 78., 178, 164, 0, 57., 179, 173, 0, 25., 180, 334, 0, 90., 181,
    172, 0, 33., 182, 174, 0, 21., 183, 175, 0, 30., 184, 185, 0, 99.,
    185, 178, 0, 10., 186, 341, 0, 60., 187, 179, 0, 61., 188, 343, 0,
    59., 189, 182, 0, 94., 190, 184, 0, 25., 191, 163, 0, 81., 192, 339,
    0, 79., 193, 2, 0, 69., 194, 328, 0, 85., 195, 186, 0, 68., 196, 191,
    0, 64., 197, 189, 0, 19., 198, 190, 0, 50., 199, 187, 0, 21., 200,
    193, 0, 55., 201, 195, 0, 13., 202, 194, 0, 58., 203, 348, 0, 82.,
    204, 196, 0, 3., 205, 414, 0, 111., 206, 197, 0, 27., 207, 200, 0,
    56., 208, 204, 0, 59., 209, 205, 0, 31., 210, 203, 0, 63., 211, 201,
    0, 28., 212, 351, 0, 76., 213, 221, 0, 101., 214, 66, 0, 94., 215,
    208, 0, 40., 216, 210, 0, 41., 217, 213, 0, 24., 218, 209, 0, 19.,
    219, 212, 0, 53., 220, 119, 0, 86., 221, 216, 0, 63., 222, 211, 0,
    35., 223, 215, 0, 88., 224, 217, 0, 2., 225, 215, 0, 25., 226, 218,
    0, 69., 227, 218, 0, 18., 228, 219, 0, 38., 229, 219, 0, 65., 230,
    221, 0, 77., 231, 222, 0, 15., 232, 4, 0, 83., 233, 223, 0, 23., 234,
    360, 0, 98., 235, 224, 0, 106., 236, 218, 0, 103., 237, 228, 0, 71.,
    238, 344, 0, 106., 239, 503, 0, 101., 240, 235, 0, 76., 241, 443, 0,
    106., 242, 240, 0, 27., 243, 395, 0, 100., 244, 57, 0, 129., 245,
    239, 0, 118., 246, 466, 0, 108., 247, 479, 0, 121., 248, 42, 0, 102.,
    249, 225, 0, 108., 250, 241, 0, 101., 251, 376, 0, 111., 252, 3, 0,
    87., 253, 372, 0, 97., 254, 549, 0, 111., 255, 375, 0, 105., 256, 92,
    0, 113., 257, 250, 0, 77., 258, 252, 0, 78., 259, 254, 0, 79., 260,
    255, 0, 43., 261, 38, 0, 91., 262, 335, 0, 76., 263, 327, 0, 75.,
    264, 558, 0, 98., 265, 260, 0, 31., 266, 261, 0, 73., 267, 3, 0, 51.,
    268, 312, 0, 84., 269, 263, 0, 21., 270, 266, 0, 12., 271, 267, 0,
    29., 272, 268, 0, 27., 273, 403, 0, 46., 274, 269, 0, 102., 275, 16,
    0, 16., 276, 403, 0, 33., 277, 271, 0, 12., 278, 24, 0, 77., 279,
    204, 0, 109., 280, 57, 0, 119., 281, 615, 0, 94., 282, 110, 0, 101.,
    283, 390, 0, 104., 284, 95, 0, 110., 285, 274, 0, 45., 286, 275, 0,
    68., 287, 198, 0, 112., 288, 300, 0, 94., 289, 137, 0, 101., 290, 45,
    0, 96., 291, 701, 0, 92., 292, 233, 0, 115., 293, 121, 0, 104., 294,
    277, 0, 94., 295, 99, 0, 94., 296, 68, 0, 94., 297, 279, 0, 65., 298,
    435, 0, 109., 299, 68, 0, 105., 300, 146, 0, 95., 301, 164, 0, 97.,
    302, 281, 0, 24., 303, 60, 0, 96., 304, 38, 0, 107., 305, 285, 0,
    76., 306, 282, 0, 98., 307, 61, 0, 21., 308, 291, 0, 75., 309, 242,
    0, 96., 310, 289, 0, 33., 311, 441, 0, 72., 312, 71, 0, 64., 313,
    294, 0, 31., 314, 449, 0, 72., 315, 295, 0, 10., 316, 82, 0, 44.,
    317, 142, 0, 95., 318, 382, 0, 102., 319, 299, 0, 93., 320, 551, 0,
    90., 321, 302, 0, 77., 322, 103, 0, 60., 323, 98, 0, 108., 324, 307,
    0, 62., 325, 308, 0, 22., 326, 298, 0, 101., 327, 473, 0, 101., 328,
    149, 0, 104., 329, 81, 0, 111., 330, 114, 0, 79., 331, 116, 0, 90.,
    332, 445, 0, 104., 333, 309, 0, 42., 334, 666, 0, 99., 335, 303, 0,
    85., 336, 396, 0, 85., 337, 123, 0, 93., 338, 477, 0, 31., 339, 132,
    0, 89., 340, 478, 0, 57., 341, 133, 0, 42., 342, 112, 0, 95., 343,
    112, 0, 83., 344, 261, 0, 78., 345, 140, 0, 73., 346, 426, 0, 115.,
    347, 22, 0, 85., 348, 489, 0, 53., 349, 147, 0, 63., 350, 321, 0,
    59., 351, 322, 0, 42., 352, 183, 0, 118., 353, 324, 0, 19., 354, 494,
    0, 52., 355, 494, 0, 30., 356, 329, 0, 34., 357, 330, 0, 16., 358,
    332, 0, 63., 359, 333, 0, 41., 360, 164, 0, 59., 361, 335, 0, 19.,
    362, 502, 0, 39., 363, 336, 0, 25., 364, 338, 0, 29., 365, 339, 0,
    70., 366, 342, 0, 16., 367, 343, 0, 62., 368, 343, 0, 67., 369, 511,
    0, 95., 370, 344, 0, 55., 371, 543, 0, 111., 372, 189, 0, 75., 373,
    187, 0, 103., 374, 347, 0, 4., 375, 348, 0, 39., 376, 198, 0, 89.,
    377, 520, 0, 13., 378, 350, 0, 23., 379, 355, 0, 48., 380, 666, 0,
    115., 381, 212, 0, 77., 382, 559, 0, 101., 383, 650, 0, 98., 384,
    361, 0, 64., 385, 312, 0, 74., 386, 555, 0, 99., 387, 366, 0, 88.,
    388, 38, 0, 102., 389, 225, 0, 110., 390, 368, 0, 96., 391, 225, 0,
    106., 392, 370, 0, 78., 393, 545, 0, 56., 394, 373, 0, 98., 395, 376,
    0, 57., 396, 447, 0, 108., 397, 378, 0, 97., 398, 327, 0, 91., 399,
    546, 0, 74., 400, 330, 0, 88., 401, 382, 0, 4., 402, 383, 0, 11.,
    403, 386, 0, 58., 404, 145, 0, 85., 405, 389, 0, 66., 406, 646, 0,
    104., 407, 484, 0, 90., 408, 390, 0, 11., 409, 391, 0, 80., 410, 555,
    0, 41., 411, 392, 0, 16., 412, 393, 0, 47., 413, 394, 0, 4., 414,
    395, 0, 59., 415, 396, 0, 32., 416, 398, 0, 84., 417, 267, 0, 53.,
    418, 265, 0, 17., 419, 561, 0, 71., 420, 405, 0, 14., 421, 503, 0,
    110., 422, 447, 0, 119., 423, 409, 0, 5., 424, 566, 0, 93., 425, 410,
