%YAML:1.0
calibration_time: "Wed Oct 14 14:37:45 2015"
image_width: 640
image_height: 480
board_width: 6
board_height: 9
square_size: 1.
flags: 0
camera_matrix: !!opencv-matrix
   rows: 3
   cols: 3
   dt: d
   data: [ 5.3605817692724759e+02, 0., 3.4232650940994330e+02, 0.,
       5.3605817692724759e+02, 2.3406163649643091e+02, 0., 0., 1. ]
distortion_coefficients: !!opencv-matrix
   rows: 5
   cols: 1
   dt: d
   data: [ -2.8063757422693086e-01, 7.6257174523059953e-02, 0., 0., 0. ]
avg_reprojection_error: 4.0216591428295140e-01
