%YAML:1.0
Matches: [ 0, 81, 0, 567., 1, 101, 0, 932., 2, 52, 0, 16., 3, 21, 0,
    804., 4, 155, 0, 782., 5, 20, 0, 487., 6, 390, 0, 949., 7, 189, 0,
    1169., 8, 80, 0, 440., 9, 174, 0, 604., 10, 24, 0, 539., 11, 65, 0,
    1565., 12, 65, 0, 967., 13, 164, 0, 358., 14, 25, 0, 446., 15, 196,
    0, 765., 16, 87, 0, 349., 17, 27, 0, 794., 18, 57, 0, 562., 19, 139,
    0, 937., 20, 16, 0, 261., 21, 248, 0, 1137., 22, 23, 0, 392., 23,
    200, 0, 1526., 24, 164, 0, 1113., 25, 75, 0, 951., 26, 19, 0, 910.,
    27, 78, 0, 370., 28, 112, 0, 631., 29, 1, 0, 385., 30, 33, 0, 645.,
    31, 32, 0, 191., 32, 168, 0, 567., 33, 35, 0, 668., 34, 34, 0, 418.,
    35, 88, 0, 390., 36, 36, 0, 658., 37, 13, 0, 213., 38, 197, 0, 1298.,
    39, 139, 0, 788., 40, 92, 0, 437., 41, 91, 0, 938., 42, 40, 0, 1026.,
    43, 37, 0, 708., 44, 102, 0, 675., 45, 108, 0, 486., 46, 38, 0,
    1252., 47, 426, 0, 1238., 48, 46, 0, 602., 49, 101, 0, 1328., 50, 12,
    0, 600., 51, 46, 0, 461., 52, 328, 0, 991., 53, 10, 0, 850., 54, 11,
    0, 478., 55, 39, 0, 1002., 56, 9, 0, 558., 57, 185, 0, 1604., 58, 44,
    0, 1392., 59, 8, 0, 218., 60, 167, 0, 826., 61, 68, 0, 589., 62, 60,
    0, 249., 63, 12, 0, 1374., 64, 162, 0, 1064., 65, 64, 0, 379., 66,
    121, 0, 1406., 67, 6, 0, 442., 68, 47, 0, 855., 69, 178, 0, 1195.,
    70, 74, 0, 120., 71, 66, 0, 500., 72, 55, 0, 866., 73, 151, 0, 1095.,
    74, 146, 0, 925., 75, 49, 0, 466., 76, 98, 0, 153., 77, 167, 0, 767.,
    78, 63, 0, 549., 79, 58, 0, 624., 80, 4, 0, 428., 81, 407, 0, 1524.,
    82, 89, 0, 602., 83, 213, 0, 1360., 84, 99, 0, 437., 85, 52, 0, 896.,
    86, 0, 0, 1182., 87, 51, 0, 232., 88, 441, 0, 1416., 89, 143, 0,
    836., 90, 183, 0, 1021., 91, 54, 0, 546., 92, 142, 0, 728., 93, 181,
    0, 892., 94, 139, 0, 1134., 95, 73, 0, 157., 96, 10, 0, 476., 97,
    164, 0, 1129., 98, 87, 0, 1454., 99, 106, 0, 88., 100, 33, 0, 969.,
    101, 176, 0, 697., 102, 188, 0, 928., 103, 187, 0, 717., 104, 17, 0,
    145., 105, 79, 0, 1042., 106, 79, 0, 521., 107, 300, 0, 1102., 108,
    200, 0, 1100., 109, 131, 0, 844., 110, 63, 0, 583., 111, 110, 0,
    417., 112, 34, 0, 652., 113, 121, 0, 471., 114, 122, 0, 546., 115,
    214, 0, 807., 116, 209, 0, 604., 117, 152, 0, 764., 118, 111, 0,
    415., 119, 12, 0, 1030., 120, 135, 0, 860., 121, 22, 0, 842., 122,
    155, 0, 441., 123, 118, 0, 416., 124, 241, 0, 1470., 125, 117, 0,
    488., 126, 119, 0, 451., 127, 273, 0, 865., 128, 139, 0, 717., 129,
    112, 0, 306., 130, 134, 0, 173., 131, 168, 0, 648., 132, 197, 0,
    1057., 133, 149, 0, 1240., 134, 65, 0, 802., 135, 143, 0, 1163., 136,
    128, 0, 391., 137, 139, 0, 111., 138, 173, 0, 216., 139, 222, 0,
    700., 140, 164, 0, 194., 141, 116, 0, 637., 142, 144, 0, 1469., 143,
    126, 0, 574., 144, 476, 0, 1784., 145, 147, 0, 588., 146, 253, 0,
    504., 147, 50, 0, 990., 148, 175, 0, 1294., 149, 151, 0, 122., 150,
    422, 0, 1285., 151, 102, 0, 797., 152, 129, 0, 770., 153, 214, 0,
    1139., 154, 163, 0, 210., 155, 174, 0, 84., 156, 37, 0, 751., 157,
    226, 0, 947., 158, 234, 0, 945., 159, 66, 0, 1135., 160, 176, 0,
    317., 161, 246, 0, 809., 162, 140, 0, 674., 163, 66, 0, 790., 164,
    125, 0, 660., 165, 226, 0, 1219., 166, 166, 0, 423., 167, 262, 0,
    1234., 168, 146, 0, 466., 169, 148, 0, 1208., 170, 98, 0, 1089., 171,
    162, 0, 599., 172, 130, 0, 922., 173, 111, 0, 735., 174, 145, 0,
    521., 175, 276, 0, 1141., 176, 86, 0, 1548., 177, 179, 0, 729., 178,
    261, 0, 743., 179, 315, 0, 1209., 180, 168, 0, 910., 181, 194, 0,
    397., 182, 65, 0, 1912., 183, 127, 0, 220., 184, 160, 0, 852., 185,
    171, 0, 679., 186, 169, 0, 759., 187, 396, 0, 1251., 188, 142, 0,
    896., 189, 159, 0, 720., 190, 177, 0, 52., 191, 124, 0, 307., 192,
    50, 0, 1219., 193, 150, 0, 237., 194, 204, 0, 1057., 195, 112, 0,
    995., 196, 146, 0, 948., 197, 182, 0, 576., 198, 498, 0, 1472., 199,
    172, 0, 1426., 200, 227, 0, 558., 201, 199, 0, 549., 202, 225, 0,
    449., 203, 226, 0, 776., 204, 209, 0, 304., 205, 231, 0, 967., 206,
    273, 0, 1040., 207, 21, 0, 1096., 208, 230, 0, 484., 209, 212, 0,
    436., 210, 200, 0, 386., 211, 221, 0, 218., 212, 234, 0, 421., 213,
    312, 0, 328., 214, 224, 0, 591., 215, 229, 0, 346., 216, 214, 0,
    484., 217, 218, 0, 198., 218, 120, 0, 722., 219, 256, 0, 477., 220,
    170, 0, 745., 221, 203, 0, 812., 222, 342, 0, 932., 223, 223, 0,
    387., 224, 238, 0, 263., 225, 220, 0, 1121., 226, 215, 0, 798., 227,
    262, 0, 1443., 228, 161, 0, 1118., 229, 251, 0, 610., 230, 251, 0,
    1307., 231, 306, 0, 983., 232, 233, 0, 327., 233, 71, 0, 912., 234,
    217, 0, 595., 235, 34, 0, 1005., 236, 111, 0, 861., 237, 241, 0,
    768., 238, 264, 0, 547., 239, 279, 0, 1317., 240, 45, 0, 1780., 241,
    443, 0, 1163., 242, 295, 0, 1365., 243, 253, 0, 83., 244, 252, 0,
    440., 245, 201, 0, 459., 246, 245, 0, 582., 247, 166, 0, 732., 248,
    250, 0, 643., 249, 132, 0, 1176., 250, 247, 0, 1034., 251, 175, 0,
    1213., 252, 261, 0, 404., 253, 118, 0, 1266., 254, 213, 0, 223., 255,
    240, 0, 483., 256, 232, 0, 308., 257, 266, 0, 123., 258, 236, 0,
    1044., 259, 181, 0, 918., 260, 374, 0, 1297., 261, 207, 0, 380., 262,
    204, 0, 568., 263, 234, 0, 1218., 264, 274, 0, 1072., 265, 257, 0,
    733., 266, 99, 0, 1588., 267, 477, 0, 1087., 268, 258, 0, 359., 269,
    207, 0, 1771., 270, 254, 0, 363., 271, 409, 0, 746., 272, 272, 0,
    236., 273, 315, 0, 1201., 274, 313, 0, 311., 275, 312, 0, 896., 276,
    328, 0, 1207., 277, 325, 0, 319., 278, 279, 0, 1488., 279, 279, 0,
    483., 280, 323, 0, 496., 281, 297, 0, 850., 282, 283, 0, 592., 283,
    315, 0, 462., 284, 296, 0, 1024., 285, 294, 0, 428., 286, 230, 0,
    771., 287, 302, 0, 765., 288, 285, 0, 651., 289, 300, 0, 424., 290,
    318, 0, 995., 291, 214, 0, 1260., 292, 336, 0, 639., 293, 275, 0,
    949., 294, 316, 0, 1018., 295, 197, 0, 1066., 296, 19, 0, 1161., 297,
    335, 0, 371., 298, 240, 0, 913., 299, 203, 0, 805., 300, 266, 0,
    995., 301, 299, 0, 543., 302, 291, 0, 848., 303, 310, 0, 1221., 304,
    277, 0, 530., 305, 345, 0, 846., 306, 294, 0, 1385., 307, 295, 0,
    405., 308, 314, 0, 394., 309, 281, 0, 1005., 310, 262, 0, 1286., 311,
    306, 0, 1271., 312, 319, 0, 269., 313, 221, 0, 1375., 314, 333, 0,
    924., 315, 158, 0, 758., 316, 315, 0, 1287., 317, 334, 0, 1046., 318,
    210, 0, 603., 319, 301, 0, 413., 320, 287, 0, 567., 321, 288, 0,
    701., 322, 293, 0, 249., 323, 284, 0, 1155., 324, 369, 0, 767., 325,
    309, 0, 147., 326, 92, 0, 932., 327, 386, 0, 1646., 328, 409, 0,
    918., 329, 327, 0, 626., 330, 329, 0, 984., 331, 335, 0, 1675., 332,
    303, 0, 1149., 333, 326, 0, 626., 334, 331, 0, 348., 335, 470, 0,
    1574., 336, 220, 0, 1646., 337, 161, 0, 1163., 338, 393, 0, 907.,
    339, 358, 0, 280., 340, 311, 0, 802., 341, 390, 0, 1215., 342, 281,
    0, 687., 343, 345, 0, 1179., 344, 343, 0, 558., 345, 356, 0, 291.,
    346, 382, 0, 1061., 347, 306, 0, 1349., 348, 473, 0, 1415., 349, 354,
    0, 786., 350, 278, 0, 969., 351, 346, 0, 220., 352, 360, 0, 1121.,
    353, 365, 0, 203., 354, 351, 0, 693., 355, 304, 0, 1224., 356, 361,
    0, 762., 357, 371, 0, 499., 358, 355, 0, 445., 359, 342, 0, 968.,
    360, 95, 0, 1369., 361, 158, 0, 634., 362, 359, 0, 631., 363, 363, 0,
    937., 364, 338, 0, 786., 365, 365, 0, 965., 366, 347, 0, 515., 367,
    282, 0, 620., 368, 380, 0, 655., 369, 362, 0, 702., 370, 379, 0,
    1028., 371, 377, 0, 744., 372, 161, 0, 1176., 373, 290, 0, 1084.,
    374, 374, 0, 388., 375, 339, 0, 858., 376, 349, 0, 254., 377, 368, 0,
    313., 378, 352, 0, 328., 379, 325, 0, 463., 380, 344, 0, 1475., 381,
    243, 0, 1195., 382, 388, 0, 832., 383, 367, 0, 796., 384, 386, 0,
    444., 385, 376, 0, 898., 386, 375, 0, 786., 387, 362, 0, 853., 388,
    383, 0, 702., 389, 401, 0, 610., 390, 395, 0, 987., 391, 394, 0,
    477., 392, 396, 0, 219., 393, 405, 0, 692., 394, 345, 0, 747., 395,
    400, 0, 629., 396, 190, 0, 1563., 397, 426, 0, 965., 398, 404, 0,
