%YAML:1.0
Matches: [ 0, 81, 0, 26., 1, 101, 0, 44., 2, 52, 0, 2., 3, 21, 0, 26., 4,
    19, 0, 39., 5, 20, 0, 19., 6, 374, 0, 63., 7, 189, 0, 52., 8, 80, 0,
    16., 9, 174, 0, 21., 10, 24, 0, 17., 11, 65, 0, 64., 12, 65, 0, 23.,
    13, 71, 0, 22., 14, 25, 0, 15., 15, 196, 0, 39., 16, 87, 0, 10., 17,
    26, 0, 27., 18, 27, 0, 23., 19, 139, 0, 56., 20, 16, 0, 9., 21, 248,
    0, 56., 22, 23, 0, 17., 23, 293, 0, 50., 24, 233, 0, 51., 25, 75, 0,
    27., 26, 30, 0, 39., 27, 78, 0, 13., 28, 82, 0, 29., 29, 1, 0, 18.,
    30, 33, 0, 17., 31, 32, 0, 8., 32, 168, 0, 28., 33, 35, 0, 25., 34,
    34, 0, 19., 35, 88, 0, 20., 36, 36, 0, 17., 37, 13, 0, 6., 38, 82, 0,
    55., 39, 139, 0, 44., 40, 92, 0, 23., 41, 91, 0, 24., 42, 156, 0,
    41., 43, 37, 0, 22., 44, 102, 0, 25., 45, 108, 0, 19., 46, 38, 0,
    35., 47, 103, 0, 54., 48, 41, 0, 24., 49, 137, 0, 52., 50, 12, 0,
    22., 51, 46, 0, 19., 52, 40, 0, 42., 53, 10, 0, 25., 54, 11, 0, 18.,
    55, 39, 0, 34., 56, 9, 0, 20., 57, 175, 0, 61., 58, 444, 0, 61., 59,
    8, 0, 16., 60, 33, 0, 30., 61, 68, 0, 27., 62, 60, 0, 13., 63, 94, 0,
    46., 64, 162, 0, 35., 65, 64, 0, 14., 66, 176, 0, 46., 67, 6, 0, 16.,
    68, 47, 0, 30., 69, 178, 0, 47., 70, 74, 0, 10., 71, 66, 0, 24., 72,
    55, 0, 33., 73, 151, 0, 54., 74, 15, 0, 52., 75, 49, 0, 17., 76, 98,
    0, 9., 77, 0, 0, 41., 78, 63, 0, 17., 79, 58, 0, 20., 80, 4, 0, 11.,
    81, 131, 0, 61., 82, 89, 0, 17., 83, 214, 0, 69., 84, 99, 0, 19., 85,
    52, 0, 42., 86, 0, 0, 37., 87, 51, 0, 9., 88, 204, 0, 71., 89, 84, 0,
    47., 90, 93, 0, 36., 91, 54, 0, 30., 92, 142, 0, 30., 93, 160, 0,
    61., 94, 139, 0, 44., 95, 73, 0, 6., 96, 10, 0, 26., 97, 233, 0, 48.,
    98, 168, 0, 59., 99, 106, 0, 9., 100, 194, 0, 53., 101, 176, 0, 42.,
    102, 188, 0, 30., 103, 187, 0, 30., 104, 17, 0, 16., 105, 209, 0,
    46., 106, 79, 0, 21., 107, 346, 0, 41., 108, 200, 0, 58., 109, 312,
    0, 42., 110, 113, 0, 27., 111, 110, 0, 19., 112, 170, 0, 28., 113,
    121, 0, 19., 114, 122, 0, 12., 115, 109, 0, 27., 116, 209, 0, 22.,
    117, 152, 0, 24., 118, 111, 0, 15., 119, 120, 0, 24., 120, 135, 0,
    21., 121, 21, 0, 27., 122, 155, 0, 25., 123, 118, 0, 18., 124, 200,
    0, 53., 125, 117, 0, 24., 126, 119, 0, 8., 127, 187, 0, 31., 128,
    139, 0, 37., 129, 112, 0, 20., 130, 134, 0, 9., 131, 168, 0, 28.,
    132, 197, 0, 35., 133, 228, 0, 48., 134, 165, 0, 33., 135, 143, 0,
    45., 136, 128, 0, 11., 137, 139, 0, 8., 138, 173, 0, 10., 139, 222,
    0, 27., 140, 164, 0, 10., 141, 116, 0, 18., 142, 86, 0, 56., 143,
    126, 0, 19., 144, 45, 0, 60., 145, 147, 0, 23., 146, 253, 0, 25.,
    147, 114, 0, 31., 148, 175, 0, 49., 149, 151, 0, 7., 150, 100, 0,
    55., 151, 85, 0, 45., 152, 129, 0, 38., 153, 214, 0, 57., 154, 163,
    0, 11., 155, 174, 0, 3., 156, 37, 0, 31., 157, 226, 0, 32., 158, 234,
    0, 32., 159, 66, 0, 26., 160, 176, 0, 22., 161, 246, 0, 28., 162,
    140, 0, 30., 163, 158, 0, 37., 164, 125, 0, 21., 165, 477, 0, 62.,
    166, 166, 0, 16., 167, 262, 0, 58., 168, 146, 0, 10., 169, 148, 0,
    35., 170, 324, 0, 54., 171, 162, 0, 28., 172, 130, 0, 31., 173, 111,
    0, 42., 174, 145, 0, 22., 175, 333, 0, 62., 176, 106, 0, 61., 177,
    179, 0, 14., 178, 261, 0, 33., 179, 247, 0, 53., 180, 325, 0, 39.,
    181, 194, 0, 18., 182, 65, 0, 70., 183, 127, 0, 11., 184, 160, 0,
    28., 185, 171, 0, 19., 186, 169, 0, 28., 187, 177, 0, 47., 188, 142,
    0, 33., 189, 159, 0, 19., 190, 177, 0, 4., 191, 124, 0, 14., 192,
    274, 0, 56., 193, 150, 0, 14., 194, 204, 0, 36., 195, 112, 0, 54.,
    196, 95, 0, 32., 197, 182, 0, 15., 198, 330, 0, 71., 199, 172, 0,
    47., 200, 227, 0, 26., 201, 199, 0, 23., 202, 225, 0, 21., 203, 226,
    0, 32., 204, 209, 0, 14., 205, 231, 0, 38., 206, 334, 0, 36., 207,
    21, 0, 39., 208, 230, 0, 20., 209, 212, 0, 15., 210, 200, 0, 12.,
    211, 221, 0, 16., 212, 234, 0, 14., 213, 312, 0, 20., 214, 224, 0,
    21., 215, 229, 0, 11., 216, 214, 0, 22., 217, 218, 0, 6., 218, 237,
    0, 26., 219, 256, 0, 19., 220, 219, 0, 21., 221, 203, 0, 34., 222,
    235, 0, 28., 223, 223, 0, 12., 224, 238, 0, 19., 225, 220, 0, 38.,
    226, 215, 0, 29., 227, 281, 0, 63., 228, 248, 0, 39., 229, 251, 0,
    28., 230, 70, 0, 63., 231, 306, 0, 40., 232, 233, 0, 20., 233, 222,
    0, 29., 234, 217, 0, 19., 235, 217, 0, 41., 236, 111, 0, 43., 237,
    241, 0, 17., 238, 264, 0, 32., 239, 279, 0, 48., 240, 131, 0, 59.,
    241, 279, 0, 34., 242, 128, 0, 51., 243, 253, 0, 5., 244, 252, 0,
    15., 245, 201, 0, 15., 246, 245, 0, 14., 247, 166, 0, 39., 248, 250,
    0, 16., 249, 132, 0, 44., 250, 247, 0, 34., 251, 175, 0, 33., 252,
    261, 0, 14., 253, 246, 0, 39., 254, 213, 0, 10., 255, 240, 0, 13.,
    256, 232, 0, 16., 257, 266, 0, 7., 258, 236, 0, 17., 259, 181, 0,
    35., 260, 177, 0, 58., 261, 207, 0, 23., 262, 204, 0, 28., 263, 179,
    0, 55., 264, 274, 0, 31., 265, 257, 0, 22., 266, 99, 0, 49., 267, 29,
    0, 50., 268, 258, 0, 14., 269, 478, 0, 67., 270, 254, 0, 17., 271,
    409, 0, 30., 272, 272, 0, 10., 273, 173, 0, 60., 274, 313, 0, 19.,
    275, 312, 0, 23., 276, 218, 0, 30., 277, 325, 0, 11., 278, 279, 0,
    48., 279, 279, 0, 15., 280, 323, 0, 23., 281, 297, 0, 20., 282, 283,
    0, 20., 283, 315, 0, 19., 284, 296, 0, 36., 285, 213, 0, 17., 286,
    230, 0, 30., 287, 302, 0, 33., 288, 285, 0, 17., 289, 300, 0, 14.,
    290, 318, 0, 24., 291, 116, 0, 68., 292, 336, 0, 16., 293, 275, 0,
    32., 294, 316, 0, 25., 295, 205, 0, 51., 296, 203, 0, 51., 297, 335,
    0, 18., 298, 240, 0, 30., 299, 203, 0, 42., 300, 266, 0, 27., 301,
    299, 0, 14., 302, 291, 0, 34., 303, 310, 0, 43., 304, 277, 0, 19.,
    305, 345, 0, 53., 306, 376, 0, 54., 307, 295, 0, 22., 308, 314, 0,
    16., 309, 281, 0, 31., 310, 321, 0, 58., 311, 306, 0, 33., 312, 319,
    0, 15., 313, 307, 0, 56., 314, 333, 0, 28., 315, 158, 0, 43., 316,
    87, 0, 65., 317, 334, 0, 45., 318, 210, 0, 38., 319, 301, 0, 19.,
    320, 287, 0, 27., 321, 288, 0, 25., 322, 293, 0, 11., 323, 284, 0,
    31., 324, 287, 0, 37., 325, 309, 0, 13., 326, 303, 0, 47., 327, 329,
    0, 70., 328, 409, 0, 28., 329, 327, 0, 22., 330, 329, 0, 29., 331,
    258, 0, 69., 332, 303, 0, 63., 333, 326, 0, 20., 334, 331, 0, 15.,
    335, 254, 0, 63., 336, 220, 0, 60., 337, 334, 0, 51., 338, 393, 0,
    34., 339, 358, 0, 14., 340, 348, 0, 34., 341, 412, 0, 60., 342, 353,
    0, 31., 343, 390, 0, 70., 344, 343, 0, 16., 345, 356, 0, 14., 346,
    307, 0, 64., 347, 103, 0, 57., 348, 473, 0, 74., 349, 354, 0, 25.,
    350, 337, 0, 47., 351, 346, 0, 9., 352, 360, 0, 39., 353, 365, 0, 9.,
    354, 351, 0, 25., 355, 321, 0, 60., 356, 361, 0, 38., 357, 371, 0,
    14., 358, 355, 0, 9., 359, 342, 0, 21., 360, 244, 0, 63., 361, 378,
    0, 37., 362, 359, 0, 18., 363, 363, 0, 38., 364, 338, 0, 24., 365,
    365, 0, 48., 366, 347, 0, 27., 367, 366, 0, 20., 368, 380, 0, 24.,
    369, 362, 0, 28., 370, 379, 0, 26., 371, 416, 0, 25., 372, 350, 0,
    43., 373, 290, 0, 36., 374, 374, 0, 21., 375, 339, 0, 16., 376, 349,
    0, 21., 377, 368, 0, 10., 378, 352, 0, 10., 379, 325, 0, 22., 380,
    344, 0, 43., 381, 243, 0, 63., 382, 388, 0, 33., 383, 422, 0, 31.,
    384, 386, 0, 10., 385, 376, 0, 32., 386, 375, 0, 17., 387, 362, 0,
    27., 388, 383, 0, 22., 389, 401, 0, 15., 390, 395, 0, 40., 391, 394,
    0, 16., 392, 396, 0, 12., 393, 405, 0, 21., 394, 392, 0, 34., 395,
    400, 0, 20., 396, 387, 0, 42., 397, 426, 0, 36., 398, 404, 0, 28.,
    399, 398, 0, 38., 400, 352, 0, 55., 401, 402, 0, 30., 402, 390, 0,
    24., 403, 397, 0, 48., 404, 431, 0, 35., 405, 324, 0, 51., 406, 393,
    0, 37., 407, 388, 0, 59., 408, 391, 0, 62., 409, 363, 0, 63., 410,
    440, 0, 30., 411, 412, 0, 20., 412, 399, 0, 9., 413, 413, 0, 38.,
    414, 389, 0, 29., 415, 442, 0, 43., 416, 423, 0, 51., 417, 419, 0,
    39., 418, 415, 0, 17., 419, 418, 0, 27., 420, 424, 0, 33., 421, 48,
    0, 62., 422, 416, 0, 21., 423, 430, 0, 45., 424, 429, 0, 63., 425,
    428, 0, 22., 426, 214, 0, 75., 427, 23, 0, 39., 428, 461, 0, 70.,
