%YAML:1.0
Matches: [ 0, 81, 0, 1.8497297668457031e+02, 1, 101, 0,
    2.6277368164062500e+02, 2, 52, 0, 1.1313708305358887e+01, 3, 22, 0,
    2.6163140869140625e+02, 4, 155, 0, 2.3957044982910156e+02, 5, 20, 0,
    1.9872341918945312e+02, 6, 374, 0, 2.6678643798828125e+02, 7, 371, 0,
    3.2465057373046875e+02, 8, 80, 0, 1.8588168334960938e+02, 9, 174, 0,
    2.4168574523925781e+02, 10, 24, 0, 2.1658947753906250e+02, 11, 65, 0,
    3.6717977905273438e+02, 12, 65, 0, 3.1090353393554688e+02, 13, 164,
    0, 1.5949295043945312e+02, 14, 25, 0, 2.0646064758300781e+02, 15,
    196, 0, 2.6281741333007812e+02, 16, 87, 0, 1.4778700256347656e+02,
    17, 27, 0, 2.4974787902832031e+02, 18, 57, 0, 1.9381950378417969e+02,
    19, 139, 0, 2.5513330078125000e+02, 20, 16, 0,
    1.4797634887695312e+02, 21, 359, 0, 3.5096865844726562e+02, 22, 23,
    0, 1.8076504516601562e+02, 23, 200, 0, 3.5460400390625000e+02, 24,
    33, 0, 2.9438241577148438e+02, 25, 75, 0, 3.0443225097656250e+02, 26,
    19, 0, 2.3697679138183594e+02, 27, 78, 0, 1.8923530578613281e+02, 28,
    112, 0, 1.8644302368164062e+02, 29, 1, 0, 1.6545996093750000e+02, 30,
    33, 0, 2.1292486572265625e+02, 31, 32, 0, 1.3319534301757812e+02, 32,
    168, 0, 1.8065713500976562e+02, 33, 35, 0, 2.4251597595214844e+02,
    34, 34, 0, 1.8649932861328125e+02, 35, 88, 0, 1.7220336914062500e+02,
    36, 36, 0, 2.3297210693359375e+02, 37, 13, 0, 1.4045996093750000e+02,
    38, 197, 0, 3.1667648315429688e+02, 39, 139, 0,
    2.5868127441406250e+02, 40, 92, 0, 1.9310877990722656e+02, 41, 16, 0,
    2.4831028747558594e+02, 42, 102, 0, 2.6947540283203125e+02, 43, 37,
    0, 2.5844534301757812e+02, 44, 102, 0, 2.3092639160156250e+02, 45,
    108, 0, 2.0915066528320312e+02, 46, 339, 0, 3.4580340576171875e+02,
    47, 426, 0, 3.1321878051757812e+02, 48, 46, 0,
    2.4019575500488281e+02, 49, 34, 0, 3.5216900634765625e+02, 50, 12, 0,
    2.1826589965820312e+02, 51, 46, 0, 1.9260061645507812e+02, 52, 304,
    0, 2.8497018432617188e+02, 53, 16, 0, 2.6804476928710938e+02, 54, 11,
    0, 2.1264054870605469e+02, 55, 122, 0, 2.9095361328125000e+02, 56, 9,
    0, 2.2172055053710938e+02, 57, 185, 0, 3.9510504150390625e+02, 58,
    44, 0, 3.5423156738281250e+02, 59, 8, 0, 1.0118300628662109e+02, 60,
    167, 0, 2.3268003845214844e+02, 61, 68, 0, 2.3330023193359375e+02,
    62, 60, 0, 1.3732078552246094e+02, 63, 121, 0,
    3.4990713500976562e+02, 64, 162, 0, 3.2345632934570312e+02, 65, 64,
    0, 1.4284606933593750e+02, 66, 306, 0, 3.4857424926757812e+02, 67, 6,
    0, 1.9278485107421875e+02, 68, 47, 0, 2.7564288330078125e+02, 69,
    178, 0, 3.3849224853515625e+02, 70, 74, 0, 5.1768714904785156e+01,
    71, 66, 0, 2.1095497131347656e+02, 72, 161, 0,
    2.7954428100585938e+02, 73, 151, 0, 3.0424496459960938e+02, 74, 146,
    0, 2.9715148925781250e+02, 75, 49, 0, 1.8515399169921875e+02, 76, 98,
    0, 8.0143623352050781e+01, 77, 167, 0, 2.2350614929199219e+02, 78,
    63, 0, 2.0659381103515625e+02, 79, 169, 0, 2.1015708923339844e+02,
    80, 4, 0, 1.9613771057128906e+02, 81, 407, 0, 3.7021884155273438e+02,
    82, 89, 0, 2.2089364624023438e+02, 83, 412, 0,
    3.2593865966796875e+02, 84, 99, 0, 1.7610508728027344e+02, 85, 66, 0,
    2.4151397705078125e+02, 86, 90, 0, 3.0786523437500000e+02, 87, 51, 0,
    1.3867948913574219e+02, 88, 441, 0, 3.0194702148437500e+02, 89, 143,
    0, 2.4642645263671875e+02, 90, 183, 0, 3.0167034912109375e+02, 91,
    54, 0, 2.0663011169433594e+02, 92, 142, 0, 2.5779061889648438e+02,
    93, 181, 0, 2.5055139160156250e+02, 94, 139, 0,
    3.2935696411132812e+02, 95, 73, 0, 1.2921687316894531e+02, 96, 10, 0,
    1.9337011718750000e+02, 97, 167, 0, 3.0336776733398438e+02, 98, 356,
    0, 3.5652069091796875e+02, 99, 106, 0, 4.6540306091308594e+01, 100,
    33, 0, 2.6254714965820312e+02, 101, 176, 0, 2.0087557983398438e+02,
    102, 188, 0, 3.0700488281250000e+02, 103, 273, 0,
    2.3081811523437500e+02, 104, 17, 0, 5.7991378784179688e+01, 105, 34,
    0, 3.1503015136718750e+02, 106, 79, 0, 2.2661199951171875e+02, 107,
    145, 0, 2.7549047851562500e+02, 108, 200, 0, 2.7440844726562500e+02,
    109, 131, 0, 2.5480187988281250e+02, 110, 63, 0,
    2.2429222106933594e+02, 111, 5, 0, 1.7299133300781250e+02, 112, 34,
    0, 2.2087553405761719e+02, 113, 121, 0, 1.7482849121093750e+02, 114,
    221, 0, 2.3044088745117188e+02, 115, 214, 0, 2.4165057373046875e+02,
    116, 369, 0, 2.4058470153808594e+02, 117, 152, 0,
    2.6742474365234375e+02, 118, 111, 0, 1.7293640136718750e+02, 119, 12,
    0, 3.1945578002929688e+02, 120, 135, 0, 3.1275869750976562e+02, 121,
    22, 0, 2.4792337036132812e+02, 122, 155, 0, 1.6090058898925781e+02,
    123, 211, 0, 2.0268695068359375e+02, 124, 432, 0,
    3.5887185668945312e+02, 125, 117, 0, 1.7685021972656250e+02, 126,
    119, 0, 2.2460855102539062e+02, 127, 273, 0, 2.7679776000976562e+02,
    128, 139, 0, 2.5007798767089844e+02, 129, 112, 0,
    1.0979981994628906e+02, 130, 134, 0, 1.3031883239746094e+02, 131,
    168, 0, 2.1130073547363281e+02, 132, 197, 0, 3.1158786010742188e+02,
    133, 149, 0, 3.6982427978515625e+02, 134, 65, 0,
    2.5480973815917969e+02, 135, 143, 0, 3.3212799072265625e+02, 136,
    128, 0, 1.6782431030273438e+02, 137, 139, 0, 7.2076347351074219e+01,
    138, 173, 0, 1.3442469787597656e+02, 139, 222, 0,
    2.3059487915039062e+02, 140, 164, 0, 1.3279307556152344e+02, 141,
    111, 0, 2.0333715820312500e+02, 142, 86, 0, 3.6619802856445312e+02,
    143, 126, 0, 2.3043003845214844e+02, 144, 476, 0,
    4.1329891967773438e+02, 145, 147, 0, 2.2064904785156250e+02, 146,
    253, 0, 2.5856915283203125e+02, 147, 52, 0, 3.1122177124023438e+02,
    148, 175, 0, 3.4363934326171875e+02, 149, 151, 0,
    7.3607063293457031e+01, 150, 164, 0, 3.0736624145507812e+02, 151,
    102, 0, 2.1143556213378906e+02, 152, 129, 0, 2.5969982910156250e+02,
    153, 374, 0, 2.9921731567382812e+02, 154, 163, 0,
    1.3562448120117188e+02, 155, 174, 0, 6.6090843200683594e+01, 156, 37,
    0, 2.4828411865234375e+02, 157, 29, 0, 2.6466394042968750e+02, 158,
    234, 0, 3.1484759521484375e+02, 159, 412, 0, 2.8685885620117188e+02,
    160, 176, 0, 1.4382281494140625e+02, 161, 154, 0,
    2.7715338134765625e+02, 162, 102, 0, 2.2028617858886719e+02, 163, 66,
    0, 2.5980761718750000e+02, 164, 125, 0, 2.6497171020507812e+02, 165,
    226, 0, 2.9819958496093750e+02, 166, 166, 0, 1.7475984191894531e+02,
    167, 169, 0, 3.3848336791992188e+02, 168, 146, 0,
    2.0762466430664062e+02, 169, 168, 0, 3.0984350585937500e+02, 170,
    141, 0, 2.8806423950195312e+02, 171, 162, 0, 2.1953814697265625e+02,
    172, 130, 0, 2.8919543457031250e+02, 173, 111, 0,
    2.2153329467773438e+02, 174, 145, 0, 2.3567562866210938e+02, 175,
    276, 0, 2.7118814086914062e+02, 176, 301, 0, 3.7098114013671875e+02,
    177, 179, 0, 2.6174987792968750e+02, 178, 261, 0,
    2.2314344787597656e+02, 179, 315, 0, 3.0789447021484375e+02, 180, 29,
    0, 2.3027374267578125e+02, 181, 194, 0, 1.6720944213867188e+02, 182,
    48, 0, 4.1568859863281250e+02, 183, 127, 0, 1.3460311889648438e+02,
    184, 256, 0, 2.7079696655273438e+02, 185, 171, 0,
    2.3500851440429688e+02, 186, 163, 0, 2.4829216003417969e+02, 187,
    396, 0, 3.5290084838867188e+02, 188, 142, 0, 2.8607690429687500e+02,
    189, 159, 0, 2.8357360839843750e+02, 190, 177, 0,
    3.4176013946533203e+01, 191, 124, 0, 1.7403735351562500e+02, 192, 50,
    0, 3.1661175537109375e+02, 193, 150, 0, 1.1203124237060547e+02, 194,
    102, 0, 3.0192547607421875e+02, 195, 35, 0, 2.6906503295898438e+02,
    196, 146, 0, 2.8698779296875000e+02, 197, 182, 0,
    2.2362020874023438e+02, 198, 473, 0, 3.8423431396484375e+02, 199,
    432, 0, 3.7918331909179688e+02, 200, 227, 0, 1.8450474548339844e+02,
    201, 288, 0, 2.0944927978515625e+02, 202, 225, 0,
    1.9956703186035156e+02, 203, 226, 0, 2.5082264709472656e+02, 204,
    369, 0, 1.2539138793945312e+02, 205, 402, 0, 2.6376693725585938e+02,
    206, 161, 0, 3.0478680419921875e+02, 207, 21, 0,
