%YAML:1.0
Matches: [ 0, 81, 0, 25., 1, 101, 0, 40., 2, 52, 0, 2., 3, 21, 0, 25., 4,
    19, 0, 36., 5, 20, 0, 19., 6, 374, 0, 55., 7, 189, 0, 42., 8, 80, 0,
    16., 9, 174, 0, 21., 10, 24, 0, 16., 11, 65, 0, 56., 12, 65, 0, 22.,
    13, 71, 0, 21., 14, 25, 0, 15., 15, 196, 0, 35., 16, 87, 0, 9., 17,
    26, 0, 26., 18, 27, 0, 22., 19, 139, 0, 49., 20, 16, 0, 9., 21, 248,
    0, 49., 22, 23, 0, 16., 23, 293, 0, 43., 24, 164, 0, 44., 25, 75, 0,
    26., 26, 30, 0, 35., 27, 78, 0, 13., 28, 112, 0, 28., 29, 1, 0, 18.,
    30, 33, 0, 17., 31, 32, 0, 8., 32, 35, 0, 26., 33, 35, 0, 25., 34,
    34, 0, 19., 35, 88, 0, 19., 36, 36, 0, 17., 37, 13, 0, 6., 38, 82, 0,
    51., 39, 139, 0, 42., 40, 92, 0, 23., 41, 91, 0, 24., 42, 156, 0,
    36., 43, 37, 0, 21., 44, 102, 0, 23., 45, 108, 0, 19., 46, 38, 0,
    34., 47, 103, 0, 49., 48, 41, 0, 22., 49, 137, 0, 48., 50, 12, 0,
    21., 51, 46, 0, 19., 52, 40, 0, 39., 53, 10, 0, 24., 54, 11, 0, 17.,
    55, 39, 0, 34., 56, 9, 0, 20., 57, 175, 0, 51., 58, 444, 0, 52., 59,
    8, 0, 14., 60, 33, 0, 28., 61, 68, 0, 25., 62, 60, 0, 13., 63, 94, 0,
    41., 64, 162, 0, 29., 65, 64, 0, 14., 66, 176, 0, 42., 67, 6, 0, 16.,
    68, 47, 0, 29., 69, 178, 0, 45., 70, 74, 0, 10., 71, 66, 0, 23., 72,
    55, 0, 31., 73, 151, 0, 50., 74, 15, 0, 43., 75, 49, 0, 17., 76, 98,
    0, 9., 77, 0, 0, 39., 78, 63, 0, 17., 79, 58, 0, 20., 80, 4, 0, 11.,
    81, 131, 0, 54., 82, 89, 0, 17., 83, 99, 0, 62., 84, 99, 0, 18., 85,
    52, 0, 39., 86, 0, 0, 34., 87, 51, 0, 9., 88, 11, 0, 64., 89, 84, 0,
    42., 90, 93, 0, 31., 91, 54, 0, 28., 92, 142, 0, 29., 93, 160, 0,
    50., 94, 139, 0, 42., 95, 73, 0, 6., 96, 10, 0, 24., 97, 233, 0, 42.,
    98, 168, 0, 48., 99, 106, 0, 9., 100, 194, 0, 43., 101, 176, 0, 35.,
    102, 188, 0, 29., 103, 76, 0, 28., 104, 17, 0, 14., 105, 209, 0, 41.,
    106, 79, 0, 21., 107, 346, 0, 37., 108, 200, 0, 52., 109, 312, 0,
    37., 110, 113, 0, 26., 111, 110, 0, 18., 112, 170, 0, 28., 113, 121,
    0, 18., 114, 122, 0, 12., 115, 109, 0, 25., 116, 209, 0, 21., 117,
    152, 0, 23., 118, 111, 0, 15., 119, 120, 0, 23., 120, 135, 0, 21.,
    121, 21, 0, 25., 122, 155, 0, 24., 123, 118, 0, 17., 124, 125, 0,
    50., 125, 117, 0, 23., 126, 119, 0, 8., 127, 187, 0, 29., 128, 139,
    0, 34., 129, 112, 0, 20., 130, 134, 0, 8., 131, 168, 0, 26., 132,
    197, 0, 31., 133, 228, 0, 41., 134, 165, 0, 30., 135, 143, 0, 42.,
    136, 128, 0, 11., 137, 139, 0, 8., 138, 173, 0, 10., 139, 222, 0,
    27., 140, 164, 0, 9., 141, 116, 0, 15., 142, 86, 0, 50., 143, 126, 0,
    18., 144, 45, 0, 54., 145, 147, 0, 23., 146, 253, 0, 22., 147, 114,
    0, 30., 148, 175, 0, 43., 149, 151, 0, 7., 150, 100, 0, 49., 151, 85,
    0, 40., 152, 129, 0, 34., 153, 51, 0, 52., 154, 163, 0, 11., 155,
    174, 0, 3., 156, 37, 0, 29., 157, 226, 0, 31., 158, 234, 0, 30., 159,
    66, 0, 24., 160, 176, 0, 19., 161, 246, 0, 26., 162, 140, 0, 28.,
    163, 158, 0, 36., 164, 125, 0, 20., 165, 128, 0, 55., 166, 166, 0,
    16., 167, 262, 0, 50., 168, 146, 0, 10., 169, 148, 0, 34., 170, 324,
    0, 44., 171, 162, 0, 26., 172, 130, 0, 31., 173, 52, 0, 39., 174,
    145, 0, 22., 175, 333, 0, 55., 176, 105, 0, 51., 177, 179, 0, 14.,
    178, 261, 0, 33., 179, 20, 0, 47., 180, 325, 0, 33., 181, 194, 0,
    18., 182, 65, 0, 60., 183, 127, 0, 11., 184, 160, 0, 26., 185, 171,
    0, 19., 186, 169, 0, 27., 187, 177, 0, 44., 188, 142, 0, 31., 189,
    159, 0, 18., 190, 177, 0, 4., 191, 124, 0, 14., 192, 33, 0, 52., 193,
    150, 0, 13., 194, 204, 0, 34., 195, 112, 0, 48., 196, 95, 0, 31.,
    197, 182, 0, 15., 198, 330, 0, 62., 199, 172, 0, 44., 200, 227, 0,
    25., 201, 199, 0, 20., 202, 225, 0, 18., 203, 226, 0, 31., 204, 209,
    0, 14., 205, 231, 0, 35., 206, 334, 0, 35., 207, 21, 0, 35., 208,
    230, 0, 19., 209, 212, 0, 15., 210, 200, 0, 12., 211, 221, 0, 16.,
    212, 234, 0, 13., 213, 312, 0, 19., 214, 224, 0, 20., 215, 229, 0,
    11., 216, 214, 0, 20., 217, 218, 0, 6., 218, 237, 0, 26., 219, 256,
    0, 18., 220, 219, 0, 20., 221, 203, 0, 32., 222, 235, 0, 27., 223,
    223, 0, 12., 224, 238, 0, 18., 225, 220, 0, 37., 226, 215, 0, 29.,
    227, 321, 0, 55., 228, 248, 0, 36., 229, 251, 0, 26., 230, 70, 0,
    57., 231, 306, 0, 34., 232, 233, 0, 20., 233, 222, 0, 28., 234, 217,
    0, 17., 235, 217, 0, 39., 236, 111, 0, 41., 237, 241, 0, 15., 238,
    264, 0, 30., 239, 279, 0, 44., 240, 131, 0, 50., 241, 279, 0, 33.,
    242, 128, 0, 47., 243, 253, 0, 5., 244, 252, 0, 15., 245, 201, 0,
    15., 246, 245, 0, 14., 247, 166, 0, 36., 248, 250, 0, 16., 249, 132,
    0, 43., 250, 247, 0, 31., 251, 175, 0, 30., 252, 261, 0, 14., 253,
    154, 0, 36., 254, 213, 0, 10., 255, 240, 0, 13., 256, 232, 0, 16.,
    257, 266, 0, 7., 258, 236, 0, 17., 259, 181, 0, 33., 260, 177, 0,
    52., 261, 207, 0, 23., 262, 204, 0, 28., 263, 179, 0, 50., 264, 274,
    0, 30., 265, 257, 0, 21., 266, 99, 0, 45., 267, 29, 0, 45., 268, 258,
    0, 13., 269, 478, 0, 60., 270, 254, 0, 16., 271, 409, 0, 27., 272,
    272, 0, 10., 273, 173, 0, 50., 274, 313, 0, 18., 275, 312, 0, 23.,
    276, 218, 0, 29., 277, 325, 0, 11., 278, 279, 0, 42., 279, 279, 0,
    15., 280, 323, 0, 22., 281, 297, 0, 20., 282, 283, 0, 20., 283, 315,
    0, 19., 284, 296, 0, 34., 285, 294, 0, 16., 286, 230, 0, 30., 287,
    347, 0, 30., 288, 285, 0, 17., 289, 300, 0, 14., 290, 318, 0, 24.,
    291, 111, 0, 58., 292, 336, 0, 16., 293, 275, 0, 28., 294, 316, 0,
    25., 295, 205, 0, 45., 296, 203, 0, 47., 297, 335, 0, 18., 298, 282,
    0, 27., 299, 203, 0, 40., 300, 266, 0, 26., 301, 299, 0, 14., 302,
    291, 0, 31., 303, 310, 0, 41., 304, 277, 0, 19., 305, 345, 0, 46.,
    306, 376, 0, 49., 307, 295, 0, 20., 308, 314, 0, 15., 309, 281, 0,
    29., 310, 321, 0, 50., 311, 306, 0, 31., 312, 319, 0, 15., 313, 307,
    0, 46., 314, 333, 0, 27., 315, 158, 0, 38., 316, 234, 0, 56., 317,
    334, 0, 43., 318, 158, 0, 33., 319, 301, 0, 18., 320, 209, 0, 26.,
    321, 288, 0, 24., 322, 293, 0, 10., 323, 284, 0, 29., 324, 287, 0,
    32., 325, 309, 0, 13., 326, 303, 0, 42., 327, 329, 0, 59., 328, 409,
    0, 25., 329, 327, 0, 22., 330, 329, 0, 27., 331, 258, 0, 58., 332,
    356, 0, 55., 333, 326, 0, 20., 334, 331, 0, 15., 335, 254, 0, 56.,
    336, 220, 0, 53., 337, 334, 0, 44., 338, 393, 0, 31., 339, 358, 0,
    13., 340, 348, 0, 33., 341, 390, 0, 52., 342, 353, 0, 30., 343, 254,
    0, 63., 344, 343, 0, 15., 345, 356, 0, 13., 346, 382, 0, 54., 347,
    103, 0, 51., 348, 473, 0, 64., 349, 354, 0, 24., 350, 337, 0, 42.,
    351, 346, 0, 9., 352, 360, 0, 38., 353, 365, 0, 9., 354, 351, 0, 24.,
    355, 321, 0, 50., 356, 361, 0, 35., 357, 371, 0, 14., 358, 355, 0,
    9., 359, 342, 0, 21., 360, 346, 0, 56., 361, 378, 0, 34., 362, 359,
    0, 18., 363, 291, 0, 36., 364, 338, 0, 22., 365, 365, 0, 42., 366,
    347, 0, 25., 367, 366, 0, 20., 368, 380, 0, 23., 369, 362, 0, 26.,
    370, 379, 0, 25., 371, 416, 0, 23., 372, 350, 0, 39., 373, 290, 0,
    32., 374, 374, 0, 18., 375, 339, 0, 15., 376, 349, 0, 21., 377, 368,
    0, 10., 378, 352, 0, 10., 379, 325, 0, 22., 380, 344, 0, 40., 381,
    325, 0, 52., 382, 388, 0, 30., 383, 422, 0, 29., 384, 386, 0, 10.,
    385, 376, 0, 32., 386, 375, 0, 17., 387, 362, 0, 26., 388, 383, 0,
    21., 389, 401, 0, 14., 390, 395, 0, 38., 391, 394, 0, 16., 392, 396,
    0, 12., 393, 405, 0, 19., 394, 392, 0, 32., 395, 400, 0, 19., 396,
    387, 0, 38., 397, 426, 0, 31., 398, 404, 0, 25., 399, 398, 0, 34.,
    400, 352, 0, 51., 401, 402, 0, 28., 402, 390, 0, 23., 403, 397, 0,
    45., 404, 431, 0, 32., 405, 324, 0, 46., 406, 393, 0, 32., 407, 381,
    0, 51., 408, 360, 0, 55., 409, 363, 0, 58., 410, 440, 0, 25., 411,
    412, 0, 19., 412, 399, 0, 9., 413, 413, 0, 36., 414, 389, 0, 28.,
    415, 442, 0, 40., 416, 423, 0, 47., 417, 419, 0, 35., 418, 415, 0,
    17., 419, 418, 0, 26., 420, 424, 0, 29., 421, 48, 0, 56., 422, 416,
    0, 20., 423, 430, 0, 38., 424, 429, 0, 56., 425, 428, 0, 21., 426,
    214, 0, 67., 427, 23, 0, 37., 428, 461, 0, 61., 429, 421, 0, 14.,
